0.000000    |  0.000000    10.000000  
0.100000    |  0.951550    9.951631  
0.200000    |  1.812076    9.812724  
0.300000    |  2.588979    9.592002  
0.400000    |  3.288377    9.297511  
0.500000    |  3.915315    8.936741  
0.600000    |  4.473979    8.516723  
0.700000    |  4.967878    8.044103  
0.800000    |  5.399997    7.525206  
0.900000    |  5.772921    6.966077  
1.000000    |  6.088939    6.372518  
1.100000    |  6.350127    5.750116  
1.200000    |  6.558423    5.104256  
1.300000    |  6.715681    4.440133  
1.400000    |  6.823716    3.762760  
1.500000    |  6.884338    3.076970  
1.600000    |  6.899387    2.387412  
1.700000    |  6.870745    1.698549  
1.800000    |  6.800357    1.014655  
1.900000    |  6.690238    0.339802  
2.000000    |  6.542480    -0.322138  
2.100000    |  6.359256    -0.967511  
2.200000    |  6.142814    -1.592882  
2.300000    |  5.895477    -2.195044  
2.400000    |  5.619640    -2.771027  
2.500000    |  5.317755    -3.318104  
2.600000    |  4.992331    -3.833794  
2.700000    |  4.645918    -4.315870  
2.800000    |  4.281099    -4.762364  
2.900000    |  3.900478    -5.171564  
3.000000    |  3.506666    -5.542020  
3.100000    |  3.102273    -5.872544  
3.200000    |  2.689894    -6.162208  
3.300000    |  2.272092    -6.410342  
3.400000    |  1.851396    -6.616530  
3.500000    |  1.430277    -6.780607  
3.600000    |  1.011147    -6.902652  
3.700000    |  0.596342    -6.982981  
3.800000    |  0.188113    -7.022140  
3.900000    |  -0.211386    -7.020895  
4.000000    |  -0.600101    -6.980222  
4.100000    |  -0.976094    -6.901299  
4.200000    |  -1.337548    -6.785488  
4.300000    |  -1.682771    -6.634330  
4.400000    |  -2.010206    -6.449527  
4.500000    |  -2.318435    -6.232929  
4.600000    |  -2.606185    -5.986523  
4.700000    |  -2.872326    -5.712413  
4.800000    |  -3.115882    -5.412811  
4.900000    |  -3.336026    -5.090017  
5.000000    |  -3.532083    -4.746409  
5.100000    |  -3.703531    -4.384421  
5.200000    |  -3.850000    -4.006535  
5.300000    |  -3.971268    -3.615261  
5.400000    |  -4.067263    -3.213124  
5.500000    |  -4.138054    -2.802649  
5.600000    |  -4.183854    -2.386347  
5.700000    |  -4.205008    -1.966700  
5.800000    |  -4.201995    -1.546151  
5.900000    |  -4.175414    -1.127087  
6.000000    |  -4.125987    -0.711829  
6.100000    |  -4.054544    -0.302623  
6.200000    |  -3.962020    0.098377  
6.300000    |  -3.849445    0.489112  
6.400000    |  -3.717939    0.867635  
6.500000    |  -3.568699    1.232109  
6.600000    |  -3.402994    1.580825  
6.700000    |  -3.222155    1.912203  
6.800000    |  -3.027567    2.224798  
6.900000    |  -2.820656    2.517306  
7.000000    |  -2.602885    2.788567  
7.100000    |  -2.375742    3.037571  
7.200000    |  -2.140733    3.263454  
7.300000    |  -1.899369    3.465505  
7.400000    |  -1.653163    3.643166  
7.500000    |  -1.403618    3.796027  
7.600000    |  -1.152217    3.923828  
7.700000    |  -0.900421    4.026457  
7.800000    |  -0.649656    4.103946  
7.900000    |  -0.401307    4.156469  
8.000000    |  -0.156714    4.184333  
8.100000    |  0.082838    4.187980  
8.200000    |  0.316124    4.167974  
8.300000    |  0.541982    4.125003  
8.400000    |  0.759322    4.059862  
8.500000    |  0.967127    3.973456  
8.600000    |  1.164459    3.866786  
8.700000    |  1.350461    3.740942  
8.800000    |  1.524361    3.597097  
8.900000    |  1.685474    3.436496  
9.000000    |  1.833202    3.260448  
9.100000    |  1.967039    3.070319  
9.200000    |  2.086567    2.867518  
9.300000    |  2.191461    2.653493  
9.400000    |  2.281486    2.429721  
9.500000    |  2.356493    2.197697  
9.600000    |  2.416426    1.958925  
9.700000    |  2.461312    1.714913  
9.800000    |  2.491262    1.467161  
9.900000    |  2.506470    1.217152  
10.000000    |  2.507208    0.966349  
10.100000    |  2.493820    0.716182  
10.200000    |  2.466726    0.468042  
10.300000    |  2.426408    0.223277  
10.400000    |  2.373415    -0.016817  
10.500000    |  2.308351    -0.251003  
10.600000    |  2.231875    -0.478107  
10.700000    |  2.144692    -0.697021  
10.800000    |  2.047554    -0.906713  
10.900000    |  1.941247    -1.106226  
11.000000    |  1.826592    -1.294684  
11.100000    |  1.704436    -1.471295  
11.200000    |  1.575647    -1.635350  
11.300000    |  1.441112    -1.786233  
11.400000    |  1.301726    -1.923411  
11.500000    |  1.158391    -2.046446  
11.600000    |  1.012009    -2.154988  
11.700000    |  0.863477    -2.248776  
11.800000    |  0.713684    -2.327641  
11.900000    |  0.563502    -2.391500  
12.000000    |  0.413785    -2.440357  
12.100000    |  0.265366    -2.474300  
12.200000    |  0.119048    -2.493500  
12.300000    |  -0.024398    -2.498206  
12.400000    |  -0.164233    -2.488741  
12.500000    |  -0.299757    -2.465503  
12.600000    |  -0.430314    -2.428955  
12.700000    |  -0.555289    -2.379626  
12.800000    |  -0.674113    -2.318103  
12.900000    |  -0.786267    -2.245026  
13.000000    |  -0.891281    -2.161087  
13.100000    |  -0.988738    -2.067022  
13.200000    |  -1.078272    -1.963604  
13.300000    |  -1.159572    -1.851642  
13.400000    |  -1.232378    -1.731973  
13.500000    |  -1.296488    -1.605456  
13.600000    |  -1.351750    -1.472970  
13.700000    |  -1.398069    -1.335404  
13.800000    |  -1.435401    -1.193656  
13.900000    |  -1.463752    -1.048624  
14.000000    |  -1.483181    -0.901203  
14.100000    |  -1.493794    -0.752281  
14.200000    |  -1.495745    -0.602733  
14.300000    |  -1.489234    -0.453415  
14.400000    |  -1.474501    -0.305160  
14.500000    |  -1.451829    -0.158779  
14.600000    |  -1.421537    -0.015049  
14.700000    |  -1.383980    0.125286  
14.800000    |  -1.339546    0.261518  
14.900000    |  -1.288650    0.392980  
15.000000    |  -1.231737    0.519047  
15.100000    |  -1.169271    0.639142  
15.200000    |  -1.101739    0.752733  
15.300000    |  -1.029643    0.859338  
15.400000    |  -0.953499    0.958526  
15.500000    |  -0.873835    1.049920  
15.600000    |  -0.791183    1.133194  
15.700000    |  -0.706080    1.208075  
15.800000    |  -0.619066    1.274346  
15.900000    |  -0.530675    1.331842  
16.000000    |  -0.441438    1.380453  
16.100000    |  -0.351879    1.420119  
16.200000    |  -0.262508    1.450835  
16.300000    |  -0.173825    1.472644  
16.400000    |  -0.086310    1.485639  
16.500000    |  -0.000429    1.489960  
16.600000    |  0.083375    1.485794  
16.700000    |  0.164680    1.473369  
16.800000    |  0.243091    1.452955  
16.900000    |  0.318235    1.424860  
17.000000    |  0.389769    1.389428  
17.100000    |  0.457377    1.347037  
17.200000    |  0.520776    1.298093  
17.300000    |  0.579709    1.243030  
17.400000    |  0.633954    1.182307  
17.500000    |  0.683318    1.116402  
17.600000    |  0.727642    1.045812  
17.700000    |  0.766799    0.971046  
17.800000    |  0.800693    0.892628  
17.900000    |  0.829262    0.811085  
18.000000    |  0.852473    0.726954  
18.100000    |  0.870326    0.640769  
18.200000    |  0.882849    0.553066  
18.300000    |  0.890102    0.464375  
18.400000    |  0.892171    0.375219  
18.500000    |  0.889171    0.286110  
18.600000    |  0.881240    0.197549  
18.700000    |  0.868543    0.110021  
18.800000    |  0.851266    0.023993  
18.900000    |  0.829618    -0.060087  
19.000000    |  0.803827    -0.141792  
19.100000    |  0.774137    -0.220722  
19.200000    |  0.740811    -0.296499  
19.300000    |  0.704123    -0.368772  
19.400000    |  0.664362    -0.437221  
19.500000    |  0.621826    -0.501552  
19.600000    |  0.576821    -0.561504  
19.700000    |  0.529660    -0.616844  
19.800000    |  0.480661    -0.667374  
19.900000    |  0.430144    -0.712926  
20.000000    |  0.378430    -0.753363  
20.100000    |  0.325839    -0.788583  
20.200000    |  0.272688    -0.818512  
20.300000    |  0.219290    -0.843112  
20.400000    |  0.165951    -0.862372  
20.500000    |  0.112970    -0.876314  
20.600000    |  0.060636    -0.884988  
20.700000    |  0.009228    -0.888472  
20.800000    |  -0.040987    -0.886873  
20.900000    |  -0.089756    -0.880323  
21.000000    |  -0.136839    -0.868978  
21.100000    |  -0.182012    -0.853019  
21.200000    |  -0.225067    -0.832647  
21.300000    |  -0.265813    -0.808083  
21.400000    |  -0.304077    -0.779567  
21.500000    |  -0.339703    -0.747355  
21.600000    |  -0.372556    -0.711719  
21.700000    |  -0.402517    -0.672941  
21.800000    |  -0.429487    -0.631315  
21.900000    |  -0.453388    -0.587145  
22.000000    |  -0.474160    -0.540742  
22.100000    |  -0.491761    -0.492419  
22.200000    |  -0.506168    -0.442496  
22.300000    |  -0.517379    -0.391292  
22.400000    |  -0.525407    -0.339126  
22.500000    |  -0.530285    -0.286316  
22.600000    |  -0.532061    -0.233173  
22.700000    |  -0.530801    -0.180005  
22.800000    |  -0.526584    -0.127111  
22.900000    |  -0.519507    -0.074783  
23.000000    |  -0.509678    -0.023302  
23.100000    |  -0.497219    0.027065  
23.200000    |  -0.482265    0.076059  
23.300000    |  -0.464959    0.123439  
23.400000    |  -0.445456    0.168978  
23.500000    |  -0.423919    0.212463  
23.600000    |  -0.400518    0.253699  
23.700000    |  -0.375430    0.292510  
23.800000    |  -0.348838    0.328735  
23.900000    |  -0.320927    0.362234  
24.000000    |  -0.291885    0.392883  
24.100000    |  -0.261905    0.420579  
24.200000    |  -0.231177    0.445239  
24.300000    |  -0.199893    0.466796  
24.400000    |  -0.168241    0.485205  
24.500000    |  -0.136409    0.500438  
24.600000    |  -0.104580    0.512487  
24.700000    |  -0.072934    0.521360  
24.800000    |  -0.041643    0.527086  
24.900000    |  -0.010876    0.529707  
25.000000    |  0.019208    0.529284  
25.100000    |  0.048455    0.525893  
25.200000    |  0.076721    0.519625  
25.300000    |  0.103871    0.510586  
25.400000    |  0.129779    0.498893  
25.500000    |  0.154330    0.484675  
25.600000    |  0.177418    0.468075  
25.700000    |  0.198948    0.449244  
25.800000    |  0.218838    0.428341  
25.900000    |  0.237015    0.405533  
26.000000    |  0.253418    0.380997  
26.100000    |  0.267999    0.354910  
26.200000    |  0.280718    0.327459  
26.300000    |  0.291550    0.298830  
26.400000    |  0.300479    0.269212  
26.500000    |  0.307502    0.238797  
26.600000    |  0.312624    0.207775  
26.700000    |  0.315863    0.176335  
26.800000    |  0.317247    0.144665  
26.900000    |  0.316812    0.112947  
27.000000    |  0.314605    0.081361  
27.100000    |  0.310682    0.050083  
27.200000    |  0.305105    0.019280  
27.300000    |  0.297947    -0.010885  
27.400000    |  0.289286    -0.040259  
27.500000    |  0.279206    -0.068695  
27.600000    |  0.267800    -0.096056  
27.700000    |  0.255164    -0.122214  
27.800000    |  0.241397    -0.147051  
27.900000    |  0.226606    -0.170460  
28.000000    |  0.210898    -0.192342  
28.100000    |  0.194383    -0.212612  
28.200000    |  0.177175    -0.231196  
28.300000    |  0.159387    -0.248028  
28.400000    |  0.141132    -0.263057  
28.500000    |  0.122526    -0.276243  
28.600000    |  0.103681    -0.287555  
28.700000    |  0.084708    -0.296975  
28.800000    |  0.065718    -0.304496  
28.900000    |  0.046819    -0.310121  
29.000000    |  0.028113    -0.313866  
29.100000    |  0.009703    -0.315754  
29.200000    |  -0.008317    -0.315819  
29.300000    |  -0.025853    -0.314107  
29.400000    |  -0.042819    -0.310668  
29.500000    |  -0.059134    -0.305564  
29.600000    |  -0.074721    -0.298865  
29.700000    |  -0.089510    -0.290647  
29.800000    |  -0.103437    -0.280992  
29.900000    |  -0.116445    -0.269990  
30.000000    |  -0.128483    -0.257736  
30.100000    |  -0.139506    -0.244327  
30.200000    |  -0.149478    -0.229869  
30.300000    |  -0.158367    -0.214468  
30.400000    |  -0.166150    -0.198233  
30.500000    |  -0.172810    -0.181275  
30.600000    |  -0.178336    -0.163709  
30.700000    |  -0.182725    -0.145646  
30.800000    |  -0.185979    -0.127201  
30.900000    |  -0.188108    -0.108488  
31.000000    |  -0.189128    -0.089617  
31.100000    |  -0.189058    -0.070698  
31.200000    |  -0.187927    -0.051840  
31.300000    |  -0.185765    -0.033147  
31.400000    |  -0.182611    -0.014720  
31.500000    |  -0.178506    0.003343  
31.600000    |  -0.173495    0.020950  
31.700000    |  -0.167630    0.038014  
31.800000    |  -0.160964    0.054450  
31.900000    |  -0.153553    0.070182  
32.000000    |  -0.145458    0.085138  
32.100000    |  -0.136740    0.099252  
32.200000    |  -0.127465    0.112467  
32.300000    |  -0.117696    0.124729  
32.400000    |  -0.107502    0.135992  
32.500000    |  -0.096950    0.146217  
32.600000    |  -0.086108    0.155372  
32.700000    |  -0.075044    0.163431  
32.800000    |  -0.063825    0.170376  
32.900000    |  -0.052520    0.176194  
33.000000    |  -0.041192    0.180879  
33.100000    |  -0.029907    0.184433  
33.200000    |  -0.018727    0.186864  
33.300000    |  -0.007712    0.188184  
33.400000    |  0.003079    0.188414  
33.500000    |  0.013592    0.187578  
33.600000    |  0.023774    0.185706  
33.700000    |  0.033576    0.182836  
33.800000    |  0.042951    0.179006  
33.900000    |  0.051857    0.174261  
34.000000    |  0.060256    0.168651  
34.100000    |  0.068113    0.162228  
34.200000    |  0.075397    0.155048  
34.300000    |  0.082079    0.147169  
34.400000    |  0.088138    0.138652  
34.500000    |  0.093555    0.129562  
34.600000    |  0.098314    0.119963  
34.700000    |  0.102404    0.109922  
34.800000    |  0.105819    0.099505  
34.900000    |  0.108557    0.088781  
35.000000    |  0.110617    0.077816  
35.100000    |  0.112005    0.066680  
35.200000    |  0.112729    0.055438  
35.300000    |  0.112801    0.044156  
35.400000    |  0.112237    0.032899  
35.500000    |  0.111055    0.021729  
35.600000    |  0.109277    0.010707  
35.700000    |  0.106927    -0.000107  
35.800000    |  0.104032    -0.010660  
35.900000    |  0.100622    -0.020897  
36.000000    |  0.096729    -0.030768  
36.100000    |  0.092385    -0.040227  
36.200000    |  0.087627    -0.049231  
36.300000    |  0.082491    -0.057740  
36.400000    |  0.077015    -0.065718  
36.500000    |  0.071239    -0.073133  
36.600000    |  0.065202    -0.079957  
36.700000    |  0.058944    -0.086166  
36.800000    |  0.052505    -0.091740  
36.900000    |  0.045928    -0.096663  
37.000000    |  0.039251    -0.100922  
37.100000    |  0.032515    -0.104511  
37.200000    |  0.025759    -0.107425  
37.300000    |  0.019022    -0.109663  
37.400000    |  0.012341    -0.111231  
37.500000    |  0.005752    -0.112135  
37.600000    |  -0.000710    -0.112385  
37.700000    |  -0.007011    -0.111998  
37.800000    |  -0.013120    -0.110990  
37.900000    |  -0.019008    -0.109381  
38.000000    |  -0.024645    -0.107196  
38.100000    |  -0.030008    -0.104461  
38.200000    |  -0.035072    -0.101205  
38.300000    |  -0.039816    -0.097458  
38.400000    |  -0.044221    -0.093253  
38.500000    |  -0.048271    -0.088625  
38.600000    |  -0.051951    -0.083611  
38.700000    |  -0.055250    -0.078248  
38.800000    |  -0.058158    -0.072574  
38.900000    |  -0.060668    -0.066629  
39.000000    |  -0.062776    -0.060454  
39.100000    |  -0.064480    -0.054088  
39.200000    |  -0.065780    -0.047571  
39.300000    |  -0.066678    -0.040945  
39.400000    |  -0.067179    -0.034249  
39.500000    |  -0.067291    -0.027522  
39.600000    |  -0.067021    -0.020804  
39.700000    |  -0.066380    -0.014130  
39.800000    |  -0.065381    -0.007539  
39.900000    |  -0.064039    -0.001066  
40.000000    |  -0.062369    0.005257  
40.100000    |  -0.060388    0.011398  
40.200000    |  -0.058116    0.017325  
40.300000    |  -0.055572    0.023012  
40.400000    |  -0.052776    0.028431  
40.500000    |  -0.049752    0.033559  
40.600000    |  -0.046520    0.038375  
40.700000    |  -0.043105    0.042857  
40.800000    |  -0.039531    0.046990  
40.900000    |  -0.035820    0.050759  
41.000000    |  -0.031998    0.054151  
41.100000    |  -0.028088    0.057156  
41.200000    |  -0.024115    0.059766  
41.300000    |  -0.020102    0.061977  
41.400000    |  -0.016074    0.063786  
41.500000    |  -0.012052    0.065192  
41.600000    |  -0.008060    0.066198  
41.700000    |  -0.004120    0.066806  
41.800000    |  -0.000252    0.067024  
41.900000    |  0.003525    0.066859  
42.000000    |  0.007189    0.066323  
42.100000    |  0.010725    0.065426  
42.200000    |  0.014115    0.064183  
42.300000    |  0.017343    0.062608  
42.400000    |  0.020395    0.060720  
42.500000    |  0.023259    0.058536  
42.600000    |  0.025923    0.056075  
42.700000    |  0.028376    0.053358  
42.800000    |  0.030610    0.050407  
42.900000    |  0.032618    0.047244  
43.000000    |  0.034394    0.043891  
43.100000    |  0.035933    0.040373  
43.200000    |  0.037233    0.036712  
43.300000    |  0.038291    0.032934  
43.400000    |  0.039109    0.029062  
43.500000    |  0.039687    0.025120  
43.600000    |  0.040027    0.021133  
43.700000    |  0.040135    0.017123  
43.800000    |  0.040013    0.013113  
43.900000    |  0.039670    0.009127  
44.000000    |  0.039111    0.005187  
44.100000    |  0.038346    0.001312  
44.200000    |  0.037384    -0.002476  
44.300000    |  0.036235    -0.006159  
44.400000    |  0.034910    -0.009717  
44.500000    |  0.033420    -0.013135  
44.600000    |  0.031779    -0.016396  
44.700000    |  0.029998    -0.019486  
44.800000    |  0.028092    -0.022392  
44.900000    |  0.026074    -0.025101  
45.000000    |  0.023958    -0.027603  
45.100000    |  0.021758    -0.029890  
45.200000    |  0.019489    -0.031952  
45.300000    |  0.017166    -0.033786  
45.400000    |  0.014802    -0.035384  
45.500000    |  0.012412    -0.036745  
45.600000    |  0.010011    -0.037866  
45.700000    |  0.007611    -0.038747  
45.800000    |  0.005226    -0.039389  
45.900000    |  0.002870    -0.039794  
46.000000    |  0.000554    -0.039964  
46.100000    |  -0.001708    -0.039906  
46.200000    |  -0.003906    -0.039625  
46.300000    |  -0.006029    -0.039127  
46.400000    |  -0.008067    -0.038422  
46.500000    |  -0.010010    -0.037517  
46.600000    |  -0.011849    -0.036423  
46.700000    |  -0.013577    -0.035151  
46.800000    |  -0.015187    -0.033712  
46.900000    |  -0.016673    -0.032118  
47.000000    |  -0.018029    -0.030381  
47.100000    |  -0.019250    -0.028516  
47.200000    |  -0.020334    -0.026536  
47.300000    |  -0.021277    -0.024454  
47.400000    |  -0.022077    -0.022285  
47.500000    |  -0.022734    -0.020044  
47.600000    |  -0.023247    -0.017743  
47.700000    |  -0.023617    -0.015399  
47.800000    |  -0.023845    -0.013025  
47.900000    |  -0.023933    -0.010634  
48.000000    |  -0.023885    -0.008242  
48.100000    |  -0.023703    -0.005862  
48.200000    |  -0.023393    -0.003506  
48.300000    |  -0.022958    -0.001188  
48.400000    |  -0.022404    0.001082  
48.500000    |  -0.021738    0.003290  
48.600000    |  -0.020966    0.005426  
48.700000    |  -0.020094    0.007479  
48.800000    |  -0.019131    0.009441  
48.900000    |  -0.018083    0.011303  
49.000000    |  -0.016959    0.013056  
49.100000    |  -0.015767    0.014692  
49.200000    |  -0.014514    0.016207  
49.300000    |  -0.013211    0.017594  
49.400000    |  -0.011865    0.018848  
49.500000    |  -0.010484    0.019965  
49.600000    |  -0.009078    0.020944  
49.700000    |  -0.007655    0.021780  
49.800000    |  -0.006223    0.022474  
49.900000    |  -0.004791    0.023025  
50.000000    |  -0.003367    0.023433  
50.100000    |  -0.001958    0.023699  
50.200000    |  -0.000573    0.023825  
50.300000    |  0.000783    0.023814  
50.400000    |  0.002101    0.023670  
50.500000    |  0.003375    0.023396  
50.600000    |  0.004600    0.022996  
50.700000    |  0.005769    0.022478  
50.800000    |  0.006877    0.021845  
50.900000    |  0.007920    0.021104  
51.000000    |  0.008893    0.020263  
51.100000    |  0.009792    0.019328  
51.200000    |  0.010615    0.018307  
51.300000    |  0.011357    0.017208  
51.400000    |  0.012018    0.016039  
51.500000    |  0.012596    0.014807  
51.600000    |  0.013088    0.013522  
51.700000    |  0.013495    0.012192  
51.800000    |  0.013816    0.010826  
51.900000    |  0.014052    0.009432  
52.000000    |  0.014202    0.008019  
52.100000    |  0.014270    0.006594  
52.200000    |  0.014255    0.005167  
52.300000    |  0.014161    0.003746  
52.400000    |  0.013989    0.002338  
52.500000    |  0.013742    0.000951  
52.600000    |  0.013424    -0.000408  
52.700000    |  0.013039    -0.001732  
52.800000    |  0.012589    -0.003014  
52.900000    |  0.012080    -0.004248  
53.000000    |  0.011514    -0.005428  
53.100000    |  0.010898    -0.006549  
53.200000    |  0.010235    -0.007606  
53.300000    |  0.009531    -0.008595  
53.400000    |  0.008790    -0.009511  
53.500000    |  0.008018    -0.010352  
53.600000    |  0.007219    -0.011114  
53.700000    |  0.006399    -0.011795  
53.800000    |  0.005563    -0.012393  
53.900000    |  0.004716    -0.012907  
54.000000    |  0.003862    -0.013336  
54.100000    |  0.003008    -0.013679  
54.200000    |  0.002158    -0.013938  
54.300000    |  0.001315    -0.014111  
54.400000    |  0.000486    -0.014201  
54.500000    |  -0.000325    -0.014209  
54.600000    |  -0.001116    -0.014137  
54.700000    |  -0.001881    -0.013987  
54.800000    |  -0.002616    -0.013762  
54.900000    |  -0.003320    -0.013465  
55.000000    |  -0.003987    -0.013099  
55.100000    |  -0.004616    -0.012668  
55.200000    |  -0.005204    -0.012177  
55.300000    |  -0.005748    -0.011629  
55.400000    |  -0.006247    -0.011029  
55.500000    |  -0.006698    -0.010381  
55.600000    |  -0.007101    -0.009691  
55.700000    |  -0.007454    -0.008963  
55.800000    |  -0.007757    -0.008202  
55.900000    |  -0.008009    -0.007413  
56.000000    |  -0.008209    -0.006602  
56.100000    |  -0.008359    -0.005773  
56.200000    |  -0.008458    -0.004932  
56.300000    |  -0.008506    -0.004083  
56.400000    |  -0.008506    -0.003232  
56.500000    |  -0.008458    -0.002383  
56.600000    |  -0.008364    -0.001542  
56.700000    |  -0.008224    -0.000712  
56.800000    |  -0.008042    0.000102  
56.900000    |  -0.007819    0.000895  
57.000000    |  -0.007558    0.001664  
57.100000    |  -0.007260    0.002405  
57.200000    |  -0.006929    0.003115  
57.300000    |  -0.006566    0.003790  
57.400000    |  -0.006176    0.004427  
57.500000    |  -0.005760    0.005024  
57.600000    |  -0.005322    0.005579  
57.700000    |  -0.004864    0.006088  
57.800000    |  -0.004390    0.006551  
57.900000    |  -0.003903    0.006966  
58.000000    |  -0.003406    0.007331  
58.100000    |  -0.002902    0.007647  
58.200000    |  -0.002394    0.007911  
58.300000    |  -0.001884    0.008125  
58.400000    |  -0.001376    0.008288  
58.500000    |  -0.000873    0.008401  
58.600000    |  -0.000377    0.008463  
58.700000    |  0.000109    0.008476  
58.800000    |  0.000583    0.008442  
58.900000    |  0.001042    0.008360  
59.000000    |  0.001484    0.008234  
59.100000    |  0.001907    0.008064  
59.200000    |  0.002309    0.007853  
59.300000    |  0.002688    0.007603  
59.400000    |  0.003043    0.007316  
59.500000    |  0.003373    0.006995  
59.600000    |  0.003675    0.006643  
59.700000    |  0.003949    0.006261  
59.800000    |  0.004195    0.005854  
59.900000    |  0.004410    0.005423  
60.000000    |  0.004596    0.004973  
60.100000    |  0.004752    0.004505  
60.200000    |  0.004877    0.004023  
60.300000    |  0.004971    0.003531  
60.400000    |  0.005036    0.003030  
60.500000    |  0.005070    0.002525  
60.600000    |  0.005075    0.002017  
60.700000    |  0.005051    0.001511  
60.800000    |  0.005000    0.001008  
60.900000    |  0.004921    0.000512  
61.000000    |  0.004817    0.000024  
61.100000    |  0.004688    -0.000451  
61.200000    |  0.004536    -0.000912  
61.300000    |  0.004363    -0.001358  
61.400000    |  0.004168    -0.001784  
61.500000    |  0.003955    -0.002191  
61.600000    |  0.003725    -0.002575  
61.700000    |  0.003480    -0.002935  
61.800000    |  0.003221    -0.003270  
61.900000    |  0.002950    -0.003579  
62.000000    |  0.002669    -0.003860  
62.100000    |  0.002380    -0.004112  
62.200000    |  0.002084    -0.004336  
62.300000    |  0.001784    -0.004529  
62.400000    |  0.001481    -0.004692  
62.500000    |  0.001177    -0.004825  
62.600000    |  0.000874    -0.004928  
62.700000    |  0.000573    -0.005000  
62.800000    |  0.000277    -0.005043  
62.900000    |  -0.000014    -0.005056  
63.000000    |  -0.000298    -0.005040  
63.100000    |  -0.000574    -0.004996  
63.200000    |  -0.000839    -0.004926  
63.300000    |  -0.001094    -0.004829  
63.400000    |  -0.001336    -0.004707  
63.500000    |  -0.001564    -0.004562  
63.600000    |  -0.001779    -0.004395  
63.700000    |  -0.001978    -0.004207  
63.800000    |  -0.002161    -0.004000  
63.900000    |  -0.002327    -0.003775  
64.000000    |  -0.002477    -0.003535  
64.100000    |  -0.002609    -0.003281  
64.200000    |  -0.002723    -0.003014  
64.300000    |  -0.002819    -0.002737  
64.400000    |  -0.002896    -0.002451  
64.500000    |  -0.002956    -0.002158  
64.600000    |  -0.002998    -0.001860  
64.700000    |  -0.003021    -0.001559  
64.800000    |  -0.003027    -0.001256  
64.900000    |  -0.003016    -0.000954  
65.000000    |  -0.002988    -0.000654  
65.100000    |  -0.002944    -0.000357  
65.200000    |  -0.002885    -0.000065  
65.300000    |  -0.002811    0.000219  
65.400000    |  -0.002722    0.000496  
65.500000    |  -0.002621    0.000763  
65.600000    |  -0.002507    0.001020  
65.700000    |  -0.002382    0.001265  
65.800000    |  -0.002247    0.001496  
65.900000    |  -0.002102    0.001714  
66.000000    |  -0.001949    0.001916  
66.100000    |  -0.001788    0.002103  
66.200000    |  -0.001622    0.002274  
66.300000    |  -0.001450    0.002427  
66.400000    |  -0.001274    0.002563  
66.500000    |  -0.001096    0.002682  
66.600000    |  -0.000915    0.002782  
66.700000    |  -0.000734    0.002865  
66.800000    |  -0.000553    0.002929  
66.900000    |  -0.000373    0.002976  
67.000000    |  -0.000196    0.003004  
67.100000    |  -0.000022    0.003015  
67.200000    |  0.000148    0.003009  
67.300000    |  0.000314    0.002985  
67.400000    |  0.000473    0.002946  
67.500000    |  0.000626    0.002891  
67.600000    |  0.000772    0.002821  
67.700000    |  0.000909    0.002737  
67.800000    |  0.001039    0.002640  
67.900000    |  0.001159    0.002530  
68.000000    |  0.001270    0.002408  
68.100000    |  0.001371    0.002276  
68.200000    |  0.001462    0.002134  
68.300000    |  0.001543    0.001984  
68.400000    |  0.001613    0.001826  
68.500000    |  0.001672    0.001662  
68.600000    |  0.001720    0.001492  
68.700000    |  0.001757    0.001318  
68.800000    |  0.001784    0.001141  
68.900000    |  0.001800    0.000962  
69.000000    |  0.001805    0.000781  
69.100000    |  0.001801    0.000601  
69.200000    |  0.001786    0.000421  
69.300000    |  0.001761    0.000244  
69.400000    |  0.001727    0.000070  
69.500000    |  0.001685    -0.000101  
69.600000    |  0.001633    -0.000267  
69.700000    |  0.001574    -0.000428  
69.800000    |  0.001508    -0.000582  
69.900000    |  0.001434    -0.000729  
70.000000    |  0.001354    -0.000868  
70.100000    |  0.001269    -0.001000  
70.200000    |  0.001179    -0.001122  
70.300000    |  0.001084    -0.001235  
70.400000    |  0.000985    -0.001339  
70.500000    |  0.000883    -0.001432  
70.600000    |  0.000779    -0.001515  
70.700000    |  0.000672    -0.001588  
70.800000    |  0.000565    -0.001650  
70.900000    |  0.000457    -0.001701  
71.000000    |  0.000349    -0.001741  
71.100000    |  0.000242    -0.001770  
71.200000    |  0.000135    -0.001789  
71.300000    |  0.000031    -0.001798  
71.400000    |  -0.000071    -0.001796  
71.500000    |  -0.000170    -0.001784  
71.600000    |  -0.000266    -0.001762  
71.700000    |  -0.000357    -0.001731  
71.800000    |  -0.000445    -0.001690  
71.900000    |  -0.000528    -0.001642  
72.000000    |  -0.000606    -0.001585  
72.100000    |  -0.000679    -0.001521  
72.200000    |  -0.000746    -0.001449  
72.300000    |  -0.000807    -0.001372  
72.400000    |  -0.000863    -0.001288  
72.500000    |  -0.000912    -0.001199  
72.600000    |  -0.000955    -0.001106  
72.700000    |  -0.000991    -0.001009  
72.800000    |  -0.001021    -0.000908  
72.900000    |  -0.001045    -0.000805  
73.000000    |  -0.001062    -0.000699  
73.100000    |  -0.001072    -0.000592  
73.200000    |  -0.001077    -0.000485  
73.300000    |  -0.001075    -0.000377  
73.400000    |  -0.001067    -0.000270  
73.500000    |  -0.001053    -0.000164  
73.600000    |  -0.001034    -0.000060  
73.700000    |  -0.001010    0.000043  
73.800000    |  -0.000980    0.000142  
73.900000    |  -0.000945    0.000238  
74.000000    |  -0.000906    0.000331  
74.100000    |  -0.000863    0.000419  
74.200000    |  -0.000816    0.000503  
74.300000    |  -0.000766    0.000583  
74.400000    |  -0.000713    0.000657  
74.500000    |  -0.000656    0.000725  
74.600000    |  -0.000598    0.000788  
74.700000    |  -0.000537    0.000845  
74.800000    |  -0.000475    0.000895  
74.900000    |  -0.000412    0.000940  
75.000000    |  -0.000348    0.000978  
75.100000    |  -0.000284    0.001009  
75.200000    |  -0.000219    0.001034  
75.300000    |  -0.000155    0.001053  
75.400000    |  -0.000092    0.001066  
75.500000    |  -0.000030    0.001072  
75.600000    |  0.000032    0.001071  
75.700000    |  0.000091    0.001065  
75.800000    |  0.000148    0.001053  
75.900000    |  0.000204    0.001036  
76.000000    |  0.000256    0.001013  
76.100000    |  0.000306    0.000985  
76.200000    |  0.000354    0.000952  
76.300000    |  0.000397    0.000914  
76.400000    |  0.000438    0.000872  
76.500000    |  0.000475    0.000826  
76.600000    |  0.000509    0.000777  
76.700000    |  0.000539    0.000725  
76.800000    |  0.000565    0.000670  
76.900000    |  0.000588    0.000612  
77.000000    |  0.000606    0.000552  
77.100000    |  0.000621    0.000491  
77.200000    |  0.000632    0.000428  
77.300000    |  0.000639    0.000365  
77.400000    |  0.000642    0.000301  
77.500000    |  0.000641    0.000236  
77.600000    |  0.000637    0.000172  
77.700000    |  0.000630    0.000109  
77.800000    |  0.000619    0.000047  
77.900000    |  0.000605    -0.000015  
78.000000    |  0.000588    -0.000074  
78.100000    |  0.000568    -0.000132  
78.200000    |  0.000545    -0.000188  
78.300000    |  0.000520    -0.000241  
78.400000    |  0.000492    -0.000292  
78.500000    |  0.000462    -0.000339  
78.600000    |  0.000431    -0.000384  
78.700000    |  0.000397    -0.000425  
78.800000    |  0.000363    -0.000463  
78.900000    |  0.000327    -0.000498  
79.000000    |  0.000290    -0.000529  
79.100000    |  0.000253    -0.000556  
79.200000    |  0.000214    -0.000579  
79.300000    |  0.000176    -0.000599  
79.400000    |  0.000138    -0.000615  
79.500000    |  0.000099    -0.000626  
79.600000    |  0.000061    -0.000634  
79.700000    |  0.000024    -0.000639  
79.800000    |  -0.000012    -0.000639  
79.900000    |  -0.000048    -0.000636  
80.000000    |  -0.000083    -0.000630  
80.100000    |  -0.000116    -0.000620  
80.200000    |  -0.000147    -0.000607  
80.300000    |  -0.000178    -0.000590  
80.400000    |  -0.000206    -0.000571  
80.500000    |  -0.000233    -0.000549  
80.600000    |  -0.000257    -0.000525  
80.700000    |  -0.000280    -0.000498  
80.800000    |  -0.000300    -0.000469  
80.900000    |  -0.000318    -0.000438  
81.000000    |  -0.000334    -0.000405  
81.100000    |  -0.000348    -0.000371  
81.200000    |  -0.000360    -0.000336  
81.300000    |  -0.000369    -0.000299  
81.400000    |  -0.000376    -0.000262  
81.500000    |  -0.000380    -0.000224  
81.600000    |  -0.000383    -0.000186  
81.700000    |  -0.000383    -0.000148  
81.800000    |  -0.000381    -0.000110  
81.900000    |  -0.000377    -0.000072  
82.000000    |  -0.000370    -0.000034  
82.100000    |  -0.000362    0.000002  
82.200000    |  -0.000352    0.000038  
82.300000    |  -0.000341    0.000073  
82.400000    |  -0.000327    0.000106  
82.500000    |  -0.000313    0.000138  
82.600000    |  -0.000296    0.000169  
82.700000    |  -0.000279    0.000197  
82.800000    |  -0.000260    0.000224  
82.900000    |  -0.000241    0.000249  
83.000000    |  -0.000220    0.000273  
83.100000    |  -0.000199    0.000293  
83.200000    |  -0.000177    0.000312  
83.300000    |  -0.000155    0.000329  
83.400000    |  -0.000132    0.000343  
83.500000    |  -0.000109    0.000355  
83.600000    |  -0.000086    0.000365  
83.700000    |  -0.000063    0.000372  
83.800000    |  -0.000041    0.000378  
83.900000    |  -0.000018    0.000381  
84.000000    |  0.000004    0.000381  
84.100000    |  0.000025    0.000380  
84.200000    |  0.000046    0.000376  
84.300000    |  0.000066    0.000371  
84.400000    |  0.000085    0.000363  
84.500000    |  0.000103    0.000354  
84.600000    |  0.000120    0.000343  
84.700000    |  0.000136    0.000330  
84.800000    |  0.000151    0.000316  
84.900000    |  0.000165    0.000300  
85.000000    |  0.000177    0.000283  
85.100000    |  0.000188    0.000264  
85.200000    |  0.000198    0.000245  
85.300000    |  0.000206    0.000225  
85.400000    |  0.000213    0.000204  
85.500000    |  0.000219    0.000182  
85.600000    |  0.000223    0.000160  
85.700000    |  0.000226    0.000138  
85.800000    |  0.000228    0.000115  
85.900000    |  0.000228    0.000092  
86.000000    |  0.000227    0.000069  
86.100000    |  0.000225    0.000047  
86.200000    |  0.000222    0.000024  
86.300000    |  0.000217    0.000002  
86.400000    |  0.000211    -0.000019  
86.500000    |  0.000205    -0.000040  
86.600000    |  0.000197    -0.000060  
86.700000    |  0.000188    -0.000079  
86.800000    |  0.000179    -0.000097  
86.900000    |  0.000168    -0.000115  
87.000000    |  0.000157    -0.000131  
87.100000    |  0.000146    -0.000146  
87.200000    |  0.000133    -0.000160  
87.300000    |  0.000121    -0.000173  
87.400000    |  0.000108    -0.000184  
87.500000    |  0.000095    -0.000194  
87.600000    |  0.000081    -0.000203  
87.700000    |  0.000067    -0.000211  
87.800000    |  0.000054    -0.000217  
87.900000    |  0.000040    -0.000221  
88.000000    |  0.000027    -0.000225  
88.100000    |  0.000013    -0.000227  
88.200000    |  0.000000    -0.000227  
88.300000    |  -0.000013    -0.000227  
88.400000    |  -0.000025    -0.000225  
88.500000    |  -0.000037    -0.000222  
88.600000    |  -0.000049    -0.000218  
88.700000    |  -0.000059    -0.000212  
88.800000    |  -0.000070    -0.000206  
88.900000    |  -0.000079    -0.000198  
89.000000    |  -0.000088    -0.000190  
89.100000    |  -0.000097    -0.000181  
89.200000    |  -0.000104    -0.000170  
89.300000    |  -0.000111    -0.000160  
89.400000    |  -0.000117    -0.000148  
89.500000    |  -0.000122    -0.000136  
89.600000    |  -0.000127    -0.000124  
89.700000    |  -0.000130    -0.000111  
89.800000    |  -0.000133    -0.000098  
89.900000    |  -0.000135    -0.000084  
90.000000    |  -0.000136    -0.000071  
90.100000    |  -0.000136    -0.000057  
90.200000    |  -0.000136    -0.000044  
90.300000    |  -0.000135    -0.000030  
90.400000    |  -0.000133    -0.000017  
90.500000    |  -0.000130    -0.000004  
90.600000    |  -0.000127    0.000009  
90.700000    |  -0.000123    0.000022  
90.800000    |  -0.000118    0.000034  
90.900000    |  -0.000113    0.000045  
91.000000    |  -0.000108    0.000056  
91.100000    |  -0.000101    0.000067  
91.200000    |  -0.000095    0.000077  
91.300000    |  -0.000088    0.000086  
91.400000    |  -0.000081    0.000094  
91.500000    |  -0.000073    0.000102  
91.600000    |  -0.000066    0.000109  
91.700000    |  -0.000058    0.000115  
91.800000    |  -0.000050    0.000120  
91.900000    |  -0.000042    0.000125  
92.000000    |  -0.000034    0.000129  
92.100000    |  -0.000025    0.000132  
92.200000    |  -0.000017    0.000134  
92.300000    |  -0.000009    0.000135  
92.400000    |  -0.000001    0.000136  
92.500000    |  0.000006    0.000135  
92.600000    |  0.000014    0.000134  
92.700000    |  0.000021    0.000133  
92.800000    |  0.000028    0.000130  
92.900000    |  0.000034    0.000127  
93.000000    |  0.000041    0.000123  
93.100000    |  0.000046    0.000119  
93.200000    |  0.000052    0.000114  
93.300000    |  0.000057    0.000109  
93.400000    |  0.000061    0.000103  
93.500000    |  0.000066    0.000096  
93.600000    |  0.000069    0.000090  
93.700000    |  0.000072    0.000083  
93.800000    |  0.000075    0.000075  
93.900000    |  0.000077    0.000068  
94.000000    |  0.000079    0.000060  
94.100000    |  0.000080    0.000052  
94.200000    |  0.000081    0.000044  
94.300000    |  0.000081    0.000036  
94.400000    |  0.000081    0.000028  
94.500000    |  0.000080    0.000019  
94.600000    |  0.000079    0.000011  
94.700000    |  0.000078    0.000004  
94.800000    |  0.000076    -0.000004  
94.900000    |  0.000074    -0.000012  
95.000000    |  0.000071    -0.000019  
95.100000    |  0.000068    -0.000026  
95.200000    |  0.000065    -0.000032  
95.300000    |  0.000061    -0.000039  
95.400000    |  0.000057    -0.000045  
95.500000    |  0.000053    -0.000050  
95.600000    |  0.000049    -0.000055  
95.700000    |  0.000045    -0.000060  
95.800000    |  0.000040    -0.000064  
95.900000    |  0.000035    -0.000068  
96.000000    |  0.000031    -0.000071  
96.100000    |  0.000026    -0.000074  
96.200000    |  0.000021    -0.000076  
96.300000    |  0.000016    -0.000078  
96.400000    |  0.000011    -0.000080  
96.500000    |  0.000006    -0.000080  
96.600000    |  0.000002    -0.000081  
96.700000    |  -0.000003    -0.000081  
96.800000    |  -0.000007    -0.000080  
96.900000    |  -0.000012    -0.000079  
97.000000    |  -0.000016    -0.000078  
97.100000    |  -0.000020    -0.000076  
97.200000    |  -0.000024    -0.000074  
97.300000    |  -0.000027    -0.000071  
97.400000    |  -0.000030    -0.000069  
97.500000    |  -0.000033    -0.000065  
97.600000    |  -0.000036    -0.000062  
97.700000    |  -0.000039    -0.000058  
97.800000    |  -0.000041    -0.000054  
97.900000    |  -0.000043    -0.000050  
98.000000    |  -0.000044    -0.000046  
98.100000    |  -0.000046    -0.000041  
98.200000    |  -0.000047    -0.000036  
98.300000    |  -0.000048    -0.000032  
98.400000    |  -0.000048    -0.000027  
98.500000    |  -0.000048    -0.000022  
98.600000    |  -0.000048    -0.000017  
98.700000    |  -0.000048    -0.000012  
98.800000    |  -0.000047    -0.000008  
98.900000    |  -0.000047    -0.000003  
99.000000    |  -0.000045    0.000002  
99.100000    |  -0.000044    0.000006  
99.200000    |  -0.000043    0.000010  
99.300000    |  -0.000041    0.000015  
99.400000    |  -0.000039    0.000019  
99.500000    |  -0.000037    0.000022  
99.600000    |  -0.000035    0.000026  
99.700000    |  -0.000032    0.000029  
99.800000    |  -0.000030    0.000032  
99.900000    |  -0.000027    0.000035  
