0.000000    | 0.000000    0.000000    | 0.000050    10.000000    
0.100000    | -0.046784    -0.904775    | 0.951641    9.046860    
0.200000    | -0.175203    -1.636889    | 1.812157    8.175844    
0.300000    | -0.369193    -2.219808    | 2.589052    7.372207    
0.400000    | -0.614861    -2.673542    | 3.288443    6.623985    
0.500000    | -0.900167    -3.015178    | 3.915374    5.921582    
0.600000    | -1.214651    -3.259361    | 4.474031    5.257384    
0.700000    | -1.549213    -3.418699    | 4.967924    4.625429    
0.800000    | -1.895928    -3.504105    | 5.400038    4.021128    
0.900000    | -2.247887    -3.525070    | 5.772956    3.441036    
1.000000    | -2.599072    -3.489902    | 6.088967    2.882647    
1.100000    | -2.944241    -3.405920    | 6.350150    2.344229    
1.200000    | -3.278845    -3.279611    | 6.558442    1.824678    
1.300000    | -3.598946    -3.116766    | 6.715695    1.323400    
1.400000    | -3.901155    -2.922590    | 6.823724    0.840205    
1.500000    | -4.182577    -2.701788    | 6.884342    0.375216    
1.600000    | -4.440768    -2.458643    | 6.899386    -0.071197    
1.700000    | -4.673692    -2.197075    | 6.870740    -0.498491    
1.800000    | -4.879689    -1.920686    | 6.800347    -0.905998    
1.900000    | -5.057447    -1.632807    | 6.690225    -1.292972    
2.000000    | -5.205971    -1.336523    | 6.542464    -1.658628    
2.100000    | -5.324567    -1.034699    | 6.359236    -2.002179    
2.200000    | -5.412815    -0.730006    | 6.142790    -2.322857    
2.300000    | -5.470555    -0.424926    | 5.895451    -2.619941    
2.400000    | -5.497865    -0.121776    | 5.619611    -2.892775    
2.500000    | -5.495047    0.177293    | 5.317724    -3.140784    
2.600000    | -5.462609    0.470283    | 4.992298    -3.363486    
2.700000    | -5.401255    0.755344    | 4.645883    -3.560503    
2.800000    | -5.311862    1.030773    | 4.281062    -3.731570    
2.900000    | -5.195473    1.295009    | 3.900439    -3.876536    
3.000000    | -5.053281    1.546630    | 3.506626    -3.995372    
3.100000    | -4.886611    1.784355    | 3.102232    -4.088173    
3.200000    | -4.696911    2.007038    | 2.689852    -4.155157    
3.300000    | -4.485738    2.213668    | 2.272050    -4.196663    
3.400000    | -4.254742    2.403370    | 1.851354    -4.213151    
3.500000    | -4.005653    2.575402    | 1.430235    -4.205198    
3.600000    | -3.740271    2.729151    | 1.011106    -4.173496    
3.700000    | -3.460449    2.864135    | 0.596301    -4.118843    
3.800000    | -3.168082    2.979999    | 0.188072    -4.042140    
3.900000    | -2.865094    3.076511    | -0.211425    -3.944385    
4.000000    | -2.553428    3.153561    | -0.600139    -3.826664    
4.100000    | -2.235031    3.211157    | -0.976131    -3.690146    
4.200000    | -1.911841    3.249422    | -1.337583    -3.536073    
4.300000    | -1.585783    3.268586    | -1.682804    -3.365752    
4.400000    | -1.258750    3.268988    | -2.010238    -3.180549    
4.500000    | -0.932596    3.251064    | -2.318465    -2.981877    
4.600000    | -0.609130    3.215347    | -2.606212    -2.771189    
4.700000    | -0.290100    3.162457    | -2.872352    -2.549970    
4.800000    | 0.022812    3.093101    | -3.115905    -2.319725    
4.900000    | 0.327998    3.008058    | -3.336047    -2.081975    
5.000000    | 0.623930    2.908182    | -3.532101    -1.838244    
5.100000    | 0.909170    2.794389    | -3.703547    -1.590051    
5.200000    | 1.182376    2.667650    | -3.850013    -1.338904    
5.300000    | 1.442303    2.528990    | -3.971279    -1.086291    
5.400000    | 1.687812    2.379474    | -4.067271    -0.833670    
5.500000    | 1.917872    2.220204    | -4.138060    -0.582466    
5.600000    | 2.131565    2.052309    | -4.183857    -0.334058    
5.700000    | 2.328085    1.876942    | -4.205009    -0.089779    
5.800000    | 2.506743    1.695268    | -4.201993    0.149097    
5.900000    | 2.666968    1.508462    | -4.175411    0.381354    
6.000000    | 2.808304    1.317697    | -4.125981    0.605847    
6.100000    | 2.930414    1.124141    | -4.054536    0.821498    
6.200000    | 3.033078    0.928952    | -3.962010    1.027309    
6.300000    | 3.116188    0.733265    | -3.849433    1.222358    
6.400000    | 3.179751    0.538193    | -3.717925    1.405809    
6.500000    | 3.223883    0.344819    | -3.568683    1.576910    
6.600000    | 3.248807    0.154189    | -3.402977    1.734998    
6.700000    | 3.254846    -0.032691    | -3.222137    1.879496    
6.800000    | 3.242425    -0.214861    | -3.027547    2.009922    
6.900000    | 3.212061    -0.391410    | -2.820635    2.125882    
7.000000    | 3.164359    -0.561480    | -2.602863    2.227074    
7.100000    | 3.100008    -0.724273    | -2.375719    2.313286    
7.200000    | 3.019772    -0.879048    | -2.140709    2.384395    
7.300000    | 2.924488    -1.025129    | -1.899345    2.440367    
7.400000    | 2.815057    -1.161905    | -1.653139    2.481253    
7.500000    | 2.692436    -1.288831    | -1.403593    2.507189    
7.600000    | 2.557635    -1.405432    | -1.152192    2.518390    
7.700000    | 2.411707    -1.511301    | -0.900396    2.515151    
7.800000    | 2.255743    -1.606104    | -0.649631    2.497840    
7.900000    | 2.090864    -1.689574    | -0.401283    2.466893    
8.000000    | 1.918213    -1.761516    | -0.156690    2.422816    
8.100000    | 1.738950    -1.821806    | 0.082862    2.366174    
8.200000    | 1.554242    -1.870385    | 0.316147    2.297591    
8.300000    | 1.365263    -1.907264    | 0.542004    2.217742    
8.400000    | 1.173177    -1.932519    | 0.759343    2.127347    
8.500000    | 0.979142    -1.946289    | 0.967148    2.027172    
8.600000    | 0.784296    -1.948774    | 1.164479    1.918017    
8.700000    | 0.589754    -1.940235    | 1.350479    1.800713    
8.800000    | 0.396606    -1.920986    | 1.524378    1.676118    
8.900000    | 0.205902    -1.891395    | 1.685489    1.545110    
9.000000    | 0.018658    -1.851878    | 1.833216    1.408580    
9.100000    | -0.164158    -1.802899    | 1.967051    1.267430    
9.200000    | -0.341624    -1.744961    | 2.086578    1.122567    
9.300000    | -0.512870    -1.678608    | 2.191471    0.974896    
9.400000    | -0.677084    -1.604418    | 2.281494    0.825315    
9.500000    | -0.833512    -1.522996    | 2.356500    0.674712    
9.600000    | -0.981463    -1.434977    | 2.416431    0.523960    
9.700000    | -1.120310    -1.341016    | 2.461316    0.373910    
9.800000    | -1.249491    -1.241784    | 2.491264    0.225389    
9.900000    | -1.368514    -1.137968    | 2.506471    0.079197    
10.000000    | -1.476955    -1.030263    | 2.507207    -0.063901    
10.100000    | -1.574460    -0.919370    | 2.493818    -0.203175    
10.200000    | -1.660746    -0.805988    | 2.466722    -0.337934    
10.300000    | -1.735598    -0.690817    | 2.426404    -0.467528    
10.400000    | -1.798872    -0.574548    | 2.373409    -0.591353    
10.500000    | -1.850494    -0.457862    | 2.308344    -0.708854    
10.600000    | -1.890453    -0.341425    | 2.231866    -0.819520    
10.700000    | -1.918809    -0.225886    | 2.144683    -0.922896    
10.800000    | -1.935681    -0.111874    | 2.047544    -1.018577    
10.900000    | -1.941254    0.000007    | 1.941236    -1.106209    
11.000000    | -1.935770    0.109179    | 1.826580    -1.185496    
11.100000    | -1.919527    0.215094    | 1.704423    -1.256193    
11.200000    | -1.892877    0.317233    | 1.575634    -1.318109    
11.300000    | -1.856223    0.415114    | 1.441099    -1.371111    
11.400000    | -1.810011    0.508290    | 1.301712    -1.415114    
11.500000    | -1.754735    0.596350    | 1.158377    -1.450090    
11.600000    | -1.690924    0.678922    | 1.011994    -1.476061    
11.700000    | -1.619145    0.755675    | 0.863462    -1.493097    
11.800000    | -1.539993    0.826318    | 0.713669    -1.501320    
11.900000    | -1.454093    0.890600    | 0.563487    -1.500897    
12.000000    | -1.362092    0.948316    | 0.413771    -1.492039    
12.100000    | -1.264654    0.999298    | 0.265352    -1.475001    
12.200000    | -1.162461    1.043424    | 0.119033    -1.450076    
12.300000    | -1.056201    1.080610    | -0.024412    -1.417596    
12.400000    | -0.946572    1.110815    | -0.164246    -1.377927    
12.500000    | -0.834271    1.134040    | -0.299771    -1.331465    
12.600000    | -0.719995    1.150321    | -0.430327    -1.278637    
12.700000    | -0.604436    1.159736    | -0.555301    -1.219893    
12.800000    | -0.488273    1.162398    | -0.674124    -1.155709    
12.900000    | -0.372176    1.158455    | -0.786278    -1.086575    
13.000000    | -0.256796    1.148089    | -0.891291    -1.013003    
13.100000    | -0.142765    1.131515    | -0.988748    -0.935512    
13.200000    | -0.030692    1.108976    | -1.078281    -0.854634    
13.300000    | 0.078840    1.080742    | -1.159579    -0.770905    
13.400000    | 0.185276    1.047112    | -1.232385    -0.684867    
13.500000    | 0.288093    1.008405    | -1.296494    -0.597058    
13.600000    | 0.386799    0.964961    | -1.351755    -0.508016    
13.700000    | 0.480939    0.917139    | -1.398073    -0.418272    
13.800000    | 0.570094    0.865315    | -1.435404    -0.328348    
13.900000    | 0.653882    0.809878    | -1.463754    -0.238753    
14.000000    | 0.731962    0.751226    | -1.483182    -0.149985    
14.100000    | 0.804033    0.689767    | -1.493795    -0.062522    
14.200000    | 0.869836    0.625916    | -1.495745    0.023175    
14.300000    | 0.929151    0.560089    | -1.489233    0.106667    
14.400000    | 0.981802    0.492704    | -1.474499    0.187537    
14.500000    | 1.027654    0.424179    | -1.451826    0.265393    
14.600000    | 1.066613    0.354927    | -1.421533    0.339871    
14.700000    | 1.098628    0.285354    | -1.383976    0.410634    
14.800000    | 1.123687    0.215861    | -1.339541    0.477372    
14.900000    | 1.141816    0.146835    | -1.288645    0.539809    
15.000000    | 1.153082    0.078655    | -1.231731    0.597697    
15.100000    | 1.157588    0.011683    | -1.169264    0.650820    
15.200000    | 1.155471    -0.053733    | -1.101732    0.698995    
15.300000    | 1.146904    -0.117262    | -1.029635    0.742070    
15.400000    | 1.132092    -0.178594    | -0.953492    0.779928    
15.500000    | 1.111268    -0.237436    | -0.873827    0.812480    
15.600000    | 1.084696    -0.293517    | -0.791174    0.839673    
15.700000    | 1.052665    -0.346588    | -0.706072    0.861483    
15.800000    | 1.015487    -0.396425    | -0.619057    0.877918    
15.900000    | 0.973495    -0.442824    | -0.530666    0.889015    
16.000000    | 0.927042    -0.485609    | -0.441430    0.894842    
16.100000    | 0.876499    -0.524625    | -0.351870    0.895493    
16.200000    | 0.822247    -0.559744    | -0.262499    0.891089    
16.300000    | 0.764683    -0.590864    | -0.173816    0.881779    
16.400000    | 0.704210    -0.617906    | -0.086302    0.867732    
16.500000    | 0.641240    -0.640817    | -0.000421    0.849144    
16.600000    | 0.576186    -0.659567    | 0.083383    0.826228    
16.700000    | 0.509465    -0.674152    | 0.164688    0.799218    
16.800000    | 0.441494    -0.684591    | 0.243098    0.768365    
16.900000    | 0.372684    -0.690925    | 0.318242    0.733936    
17.000000    | 0.303443    -0.693219    | 0.389776    0.696211    
17.100000    | 0.234172    -0.691556    | 0.457384    0.655483    
17.200000    | 0.165260    -0.686043    | 0.520782    0.612052    
17.300000    | 0.097088    -0.676803    | 0.579715    0.566230    
17.400000    | 0.030019    -0.663979    | 0.633959    0.518331    
17.500000    | -0.035594    -0.647730    | 0.683322    0.468676    
17.600000    | -0.099418    -0.628230    | 0.727646    0.417586    
17.700000    | -0.161138    -0.605667    | 0.766802    0.365383    
17.800000    | -0.220456    -0.580243    | 0.800696    0.312389    
17.900000    | -0.277098    -0.552169    | 0.829264    0.258920    
18.000000    | -0.330809    -0.521669    | 0.852475    0.205289    
18.100000    | -0.381359    -0.488972    | 0.870327    0.151802    
18.200000    | -0.428538    -0.454315    | 0.882850    0.098756    
18.300000    | -0.472165    -0.417942    | 0.890103    0.046438    
18.400000    | -0.512078    -0.380097    | 0.892171    -0.004874    
18.500000    | -0.548143    -0.341031    | 0.889170    -0.054916    
18.600000    | -0.580251    -0.300991    | 0.881239    -0.103438    
18.700000    | -0.608317    -0.260228    | 0.868541    -0.150203    
18.800000    | -0.632281    -0.218987    | 0.851264    -0.194990    
18.900000    | -0.652107    -0.177513    | 0.829616    -0.237595    
19.000000    | -0.667784    -0.136044    | 0.803824    -0.277833    
19.100000    | -0.679324    -0.094814    | 0.774134    -0.315532    
19.200000    | -0.686762    -0.054049    | 0.740807    -0.350544    
19.300000    | -0.690156    -0.013967    | 0.704119    -0.382735    
19.400000    | -0.689585    0.025224    | 0.664358    -0.411994    
19.500000    | -0.685148    0.063323    | 0.621821    -0.438226    
19.600000    | -0.676963    0.100144    | 0.576816    -0.461357    
19.700000    | -0.665168    0.135509    | 0.529655    -0.481332    
19.800000    | -0.649915    0.169256    | 0.480656    -0.498116    
19.900000    | -0.631376    0.201234    | 0.430139    -0.511690    
20.000000    | -0.609732    0.231304    | 0.378425    -0.522057    
20.100000    | -0.585182    0.259346    | 0.325834    -0.529235    
20.200000    | -0.557934    0.285249    | 0.272683    -0.533262    
20.300000    | -0.528207    0.308920    | 0.219285    -0.534191    
20.400000    | -0.496228    0.330280    | 0.165946    -0.532092    
20.500000    | -0.462230    0.349264    | 0.112965    -0.527050    
20.600000    | -0.426456    0.365823    | 0.060631    -0.519164    
20.700000    | -0.389148    0.379924    | 0.009223    -0.508549    
20.800000    | -0.350554    0.391545    | -0.040992    -0.495329    
20.900000    | -0.310922    0.400681    | -0.089761    -0.479642    
21.000000    | -0.270500    0.407343    | -0.136843    -0.461636    
21.100000    | -0.229535    0.411550    | -0.182016    -0.441469    
21.200000    | -0.188270    0.413341    | -0.225071    -0.419307    
21.300000    | -0.146946    0.412762    | -0.265817    -0.395322    
21.400000    | -0.105795    0.409875    | -0.304080    -0.369693    
21.500000    | -0.065045    0.404752    | -0.339707    -0.342605    
21.600000    | -0.024916    0.397476    | -0.372559    -0.314245    
21.700000    | 0.014381    0.388139    | -0.402519    -0.284803    
21.800000    | 0.052646    0.376845    | -0.429490    -0.254473    
21.900000    | 0.089689    0.363703    | -0.453391    -0.223444    
22.000000    | 0.125330    0.348834    | -0.474162    -0.191910    
22.100000    | 0.159402    0.332362    | -0.491762    -0.160060    
22.200000    | 0.191753    0.314419    | -0.506170    -0.128080    
22.300000    | 0.222241    0.295141    | -0.517380    -0.096154    
22.400000    | 0.250741    0.274669    | -0.525408    -0.064460    
22.500000    | 0.277140    0.253148    | -0.530286    -0.033171    
22.600000    | 0.301341    0.230723    | -0.532061    -0.002452    
22.700000    | 0.323260    0.207543    | -0.530800    0.027536    
22.800000    | 0.342829    0.183757    | -0.526583    0.056643    
22.900000    | 0.359996    0.159513    | -0.519506    0.084727    
23.000000    | 0.374721    0.134958    | -0.509677    0.111654    
23.100000    | 0.386982    0.110238    | -0.497218    0.137301    
23.200000    | 0.396768    0.085497    | -0.482263    0.161554    
23.300000    | 0.404085    0.060874    | -0.464957    0.184311    
23.400000    | 0.408951    0.036505    | -0.445454    0.205480    
23.500000    | 0.411399    0.012520    | -0.423916    0.224980    
23.600000    | 0.411472    -0.010955    | -0.400516    0.242743    
23.700000    | 0.409229    -0.033799    | -0.375428    0.258709    
23.800000    | 0.404737    -0.055900    | -0.348835    0.272833    
23.900000    | 0.398077    -0.077152    | -0.320924    0.285080    
24.000000    | 0.389339    -0.097454    | -0.291882    0.295427    
24.100000    | 0.378621    -0.116717    | -0.261902    0.303861    
24.200000    | 0.366033    -0.134857    | -0.231174    0.310381    
24.300000    | 0.351690    -0.151799    | -0.199889    0.314997    
24.400000    | 0.335715    -0.167476    | -0.168238    0.317728    
24.500000    | 0.318239    -0.181832    | -0.136406    0.318606    
24.600000    | 0.299395    -0.194816    | -0.104577    0.317670    
24.700000    | 0.279322    -0.206391    | -0.072930    0.314969    
24.800000    | 0.258164    -0.216524    | -0.041640    0.310562    
24.900000    | 0.236066    -0.225193    | -0.010873    0.304514    
25.000000    | 0.213175    -0.232385    | 0.019211    0.296899    
25.100000    | 0.189639    -0.238096    | 0.048457    0.287797    
25.200000    | 0.165605    -0.242328    | 0.076723    0.277297    
25.300000    | 0.141222    -0.245095    | 0.103873    0.265491    
25.400000    | 0.116634    -0.246416    | 0.129781    0.252477    
25.500000    | 0.091986    -0.246318    | 0.154332    0.238358    
25.600000    | 0.067417    -0.244837    | 0.177420    0.223239    
25.700000    | 0.043063    -0.242014    | 0.198950    0.207231    
25.800000    | 0.019057    -0.237898    | 0.218840    0.190444    
25.900000    | -0.004475    -0.232543    | 0.237017    0.172992    
26.000000    | -0.027412    -0.226009    | 0.253420    0.154989    
26.100000    | -0.049639    -0.218361    | 0.268000    0.136550    
26.200000    | -0.071049    -0.209671    | 0.280719    0.117790    
26.300000    | -0.091541    -0.200011    | 0.291551    0.098820    
26.400000    | -0.111022    -0.189459    | 0.300480    0.079755    
26.500000    | -0.129406    -0.178097    | 0.307502    0.060702    
26.600000    | -0.146617    -0.166009    | 0.312624    0.041768    
26.700000    | -0.162586    -0.153278    | 0.315864    0.023059    
26.800000    | -0.177254    -0.139994    | 0.317247    0.004672    
26.900000    | -0.190570    -0.126244    | 0.316812    -0.013295    
27.000000    | -0.202490    -0.112116    | 0.314605    -0.030753    
27.100000    | -0.212983    -0.097699    | 0.310681    -0.047615    
27.200000    | -0.222024    -0.083082    | 0.305104    -0.063801    
27.300000    | -0.229596    -0.068352    | 0.297946    -0.079236    
27.400000    | -0.235693    -0.053593    | 0.289285    -0.093851    
27.500000    | -0.240316    -0.038890    | 0.279205    -0.107584    
27.600000    | -0.243476    -0.024325    | 0.267799    -0.120380    
27.700000    | -0.245189    -0.009975    | 0.255162    -0.132188    
27.800000    | -0.245480    0.004083    | 0.241396    -0.142967    
27.900000    | -0.244384    0.017778    | 0.226604    -0.152680    
28.000000    | -0.241939    0.031042    | 0.210896    -0.161299    
28.100000    | -0.238192    0.043809    | 0.194382    -0.168802    
28.200000    | -0.233196    0.056021    | 0.177174    -0.175174    
28.300000    | -0.227008    0.067622    | 0.159385    -0.180405    
28.400000    | -0.219693    0.078562    | 0.141131    -0.184495    
28.500000    | -0.211320    0.088795    | 0.122524    -0.187448    
28.600000    | -0.201959    0.098280    | 0.103679    -0.189274    
28.700000    | -0.191690    0.106983    | 0.084706    -0.189992    
28.800000    | -0.180590    0.114873    | 0.065717    -0.189623    
28.900000    | -0.168743    0.121925    | 0.046817    -0.188196    
29.000000    | -0.156234    0.128121    | 0.028112    -0.185744    
29.100000    | -0.143148    0.133446    | 0.009701    -0.182307    
29.200000    | -0.129574    0.137892    | -0.008319    -0.177928    
29.300000    | -0.115599    0.141453    | -0.025855    -0.172653    
29.400000    | -0.101312    0.144133    | -0.042821    -0.166535    
29.500000    | -0.086802    0.145937    | -0.059136    -0.159628    
29.600000    | -0.072154    0.146876    | -0.074722    -0.151990    
29.700000    | -0.057455    0.146966    | -0.089511    -0.143682    
29.800000    | -0.042788    0.146227    | -0.103438    -0.134766    
29.900000    | -0.028236    0.144683    | -0.116446    -0.125308    
30.000000    | -0.013878    0.142362    | -0.128484    -0.115374    
30.100000    | 0.000211    0.139296    | -0.139507    -0.105032    
30.200000    | 0.013958    0.135521    | -0.149479    -0.094349    
30.300000    | 0.027293    0.131075    | -0.158368    -0.083393    
30.400000    | 0.040152    0.125999    | -0.166151    -0.072234    
30.500000    | 0.052474    0.120337    | -0.172810    -0.060939    
30.600000    | 0.064202    0.114135    | -0.178336    -0.049574    
30.700000    | 0.075284    0.107441    | -0.182725    -0.038205    
30.800000    | 0.085675    0.100305    | -0.185979    -0.026897    
30.900000    | 0.095332    0.092777    | -0.188109    -0.015712    
31.000000    | 0.104219    0.084909    | -0.189128    -0.004708    
31.100000    | 0.112305    0.076755    | -0.189058    0.006055    
31.200000    | 0.119562    0.068365    | -0.187927    0.016524    
31.300000    | 0.125972    0.059794    | -0.185765    0.026646    
31.400000    | 0.131517    0.051095    | -0.182611    0.036373    
31.500000    | 0.136188    0.042318    | -0.178505    0.045660    
31.600000    | 0.139980    0.033516    | -0.173495    0.054465    
31.700000    | 0.142892    0.024738    | -0.167629    0.062751    
31.800000    | 0.144930    0.016034    | -0.160963    0.070483    
31.900000    | 0.146103    0.007450    | -0.153552    0.077631    
32.000000    | 0.146425    -0.000967    | -0.145457    0.084169    
32.100000    | 0.145916    -0.009176    | -0.136739    0.090076    
32.200000    | 0.144598    -0.017134    | -0.127464    0.095332    
32.300000    | 0.142499    -0.024803    | -0.117695    0.099925    
32.400000    | 0.139649    -0.032147    | -0.107501    0.103844    
32.500000    | 0.136082    -0.039132    | -0.096949    0.107085    
32.600000    | 0.131835    -0.045728    | -0.086107    0.109644    
32.700000    | 0.126950    -0.051907    | -0.075043    0.111524    
32.800000    | 0.121469    -0.057644    | -0.063824    0.112732    
32.900000    | 0.115437    -0.062918    | -0.052518    0.113276    
33.000000    | 0.108901    -0.067710    | -0.041191    0.113169    
33.100000    | 0.101911    -0.072005    | -0.029906    0.112428    
33.200000    | 0.094517    -0.075791    | -0.018726    0.111073    
33.300000    | 0.086770    -0.079059    | -0.007711    0.109125    
33.400000    | 0.078723    -0.081803    | 0.003080    0.106611    
33.500000    | 0.070427    -0.084020    | 0.013593    0.103558    
33.600000    | 0.061936    -0.085711    | 0.023775    0.099995    
33.700000    | 0.053302    -0.086879    | 0.033576    0.095957    
33.800000    | 0.044578    -0.087529    | 0.042952    0.091476    
33.900000    | 0.035814    -0.087672    | 0.051858    0.086590    
34.000000    | 0.027060    -0.087317    | 0.060257    0.081334    
34.100000    | 0.018366    -0.086480    | 0.068114    0.075748    
34.200000    | 0.009779    -0.085177    | 0.075397    0.069871    
34.300000    | 0.001346    -0.083426    | 0.082080    0.063743    
34.400000    | -0.006891    -0.081248    | 0.088139    0.057405    
34.500000    | -0.014890    -0.078665    | 0.093555    0.050898    
34.600000    | -0.022612    -0.075703    | 0.098314    0.044261    
34.700000    | -0.030019    -0.072386    | 0.102405    0.037537    
34.800000    | -0.037078    -0.068742    | 0.105820    0.030764    
34.900000    | -0.043758    -0.064800    | 0.108557    0.023981    
35.000000    | -0.050029    -0.060588    | 0.110617    0.017228    
35.100000    | -0.055867    -0.056138    | 0.112005    0.010542    
35.200000    | -0.061250    -0.051480    | 0.112729    0.003958    
35.300000    | -0.066157    -0.046644    | 0.112801    -0.002488    
35.400000    | -0.070574    -0.041664    | 0.112237    -0.008765    
35.500000    | -0.074486    -0.036569    | 0.111055    -0.014840    
35.600000    | -0.077885    -0.031392    | 0.109277    -0.020684    
35.700000    | -0.080763    -0.026164    | 0.106927    -0.026271    
35.800000    | -0.083117    -0.020915    | 0.104032    -0.031575    
35.900000    | -0.084946    -0.015676    | 0.100622    -0.036572    
36.000000    | -0.086254    -0.010475    | 0.096728    -0.041243    
36.100000    | -0.087044    -0.005342    | 0.092385    -0.045569    
36.200000    | -0.087325    -0.000302    | 0.087627    -0.049533    
36.300000    | -0.087108    0.004617    | 0.082491    -0.053123    
36.400000    | -0.086406    0.009391    | 0.077015    -0.056327    
36.500000    | -0.085236    0.013997    | 0.071238    -0.059136    
36.600000    | -0.083613    0.018412    | 0.065201    -0.061545    
36.700000    | -0.081560    0.022617    | 0.058943    -0.063549    
36.800000    | -0.079098    0.026593    | 0.052505    -0.065147    
36.900000    | -0.076250    0.030323    | 0.045927    -0.066340    
37.000000    | -0.073042    0.033791    | 0.039250    -0.067131    
37.100000    | -0.069501    0.036986    | 0.032514    -0.067524    
37.200000    | -0.065654    0.039896    | 0.025758    -0.067529    
37.300000    | -0.061531    0.042510    | 0.019021    -0.067153    
37.400000    | -0.057162    0.044822    | 0.012340    -0.066409    
37.500000    | -0.052577    0.046826    | 0.005751    -0.065309    
37.600000    | -0.047807    0.048518    | -0.000710    -0.063868    
37.700000    | -0.042884    0.049896    | -0.007012    -0.062102    
37.800000    | -0.037839    0.050959    | -0.013121    -0.060030    
37.900000    | -0.032703    0.051711    | -0.019008    -0.057671    
38.000000    | -0.027507    0.052153    | -0.024646    -0.055044    
38.100000    | -0.022282    0.052291    | -0.030009    -0.052171    
38.200000    | -0.017059    0.052131    | -0.035073    -0.049074    
38.300000    | -0.011866    0.051682    | -0.039817    -0.045775    
38.400000    | -0.006732    0.050953    | -0.044222    -0.042300    
38.500000    | -0.001684    0.049955    | -0.048271    -0.038670    
38.600000    | 0.003251    0.048701    | -0.051951    -0.034911    
38.700000    | 0.008048    0.047202    | -0.055250    -0.031046    
38.800000    | 0.012684    0.045474    | -0.058158    -0.027100    
38.900000    | 0.017136    0.043533    | -0.060668    -0.023097    
39.000000    | 0.021384    0.041393    | -0.062776    -0.019061    
39.100000    | 0.025408    0.039072    | -0.064480    -0.015016    
39.200000    | 0.029193    0.036588    | -0.065780    -0.010984    
39.300000    | 0.032721    0.033957    | -0.066678    -0.006988    
39.400000    | 0.035980    0.031200    | -0.067179    -0.003049    
39.500000    | 0.038957    0.028334    | -0.067291    0.000811    
39.600000    | 0.041644    0.025377    | -0.067021    0.004573    
39.700000    | 0.044030    0.022350    | -0.066380    0.008219    
39.800000    | 0.046112    0.019270    | -0.065381    0.011730    
39.900000    | 0.047883    0.016156    | -0.064039    0.015090    
40.000000    | 0.049342    0.013027    | -0.062369    0.018284    
40.100000    | 0.050489    0.009900    | -0.060388    0.021297    
40.200000    | 0.051323    0.006793    | -0.058116    0.024118    
40.300000    | 0.051848    0.003723    | -0.055571    0.026735    
40.400000    | 0.052069    0.000707    | -0.052776    0.029138    
40.500000    | 0.051992    -0.002241    | -0.049751    0.031319    
40.600000    | 0.051624    -0.005104    | -0.046520    0.033270    
40.700000    | 0.050975    -0.007869    | -0.043105    0.034988    
40.800000    | 0.050054    -0.010524    | -0.039530    0.036467    
40.900000    | 0.048874    -0.013054    | -0.035820    0.037705    
41.000000    | 0.047448    -0.015450    | -0.031997    0.038700    
41.100000    | 0.045789    -0.017701    | -0.028088    0.039454    
41.200000    | 0.043913    -0.019798    | -0.024114    0.039968    
41.300000    | 0.041835    -0.021733    | -0.020102    0.040245    
41.400000    | 0.039572    -0.023498    | -0.016073    0.040288    
41.500000    | 0.037141    -0.025089    | -0.012052    0.040103    
41.600000    | 0.034560    -0.026500    | -0.008060    0.039698    
41.700000    | 0.031847    -0.027727    | -0.004119    0.039079    
41.800000    | 0.029021    -0.028769    | -0.000251    0.038255    
41.900000    | 0.026099    -0.029624    | 0.003525    0.037235    
42.000000    | 0.023102    -0.030292    | 0.007190    0.036031    
42.100000    | 0.020047    -0.030773    | 0.010725    0.034653    
42.200000    | 0.016954    -0.031069    | 0.014115    0.033114    
42.300000    | 0.013840    -0.031183    | 0.017343    0.031426    
42.400000    | 0.010723    -0.031119    | 0.020396    0.029601    
42.500000    | 0.007622    -0.030881    | 0.023259    0.027655    
42.600000    | 0.004552    -0.030475    | 0.025923    0.025599    
42.700000    | 0.001532    -0.029908    | 0.028376    0.023450    
42.800000    | -0.001424    -0.029186    | 0.030610    0.021221    
42.900000    | -0.004300    -0.028318    | 0.032618    0.018926    
43.000000    | -0.007083    -0.027311    | 0.034394    0.016580    
43.100000    | -0.009758    -0.026175    | 0.035933    0.014198    
43.200000    | -0.012314    -0.024919    | 0.037233    0.011794    
43.300000    | -0.014738    -0.023553    | 0.038291    0.009381    
43.400000    | -0.017021    -0.022088    | 0.039109    0.006974    
43.500000    | -0.019153    -0.020534    | 0.039687    0.004587    
43.600000    | -0.021125    -0.018902    | 0.040027    0.002231    
43.700000    | -0.022931    -0.017203    | 0.040135    -0.000081    
43.800000    | -0.024564    -0.015449    | 0.040013    -0.002335    
43.900000    | -0.026020    -0.013650    | 0.039670    -0.004523    
44.000000    | -0.027293    -0.011818    | 0.039111    -0.006631    
44.100000    | -0.028383    -0.009964    | 0.038346    -0.008652    
44.200000    | -0.029286    -0.008099    | 0.037384    -0.010575    
44.300000    | -0.030002    -0.006233    | 0.036235    -0.012391    
44.400000    | -0.030533    -0.004377    | 0.034910    -0.014094    
44.500000    | -0.030878    -0.002542    | 0.033420    -0.015677    
44.600000    | -0.031042    -0.000737    | 0.031779    -0.017133    
44.700000    | -0.031027    0.001029    | 0.029998    -0.018457    
44.800000    | -0.030838    0.002746    | 0.028092    -0.019646    
44.900000    | -0.030480    0.004406    | 0.026074    -0.020695    
45.000000    | -0.029959    0.006001    | 0.023958    -0.021602    
45.100000    | -0.029282    0.007524    | 0.021758    -0.022366    
45.200000    | -0.028457    0.008967    | 0.019489    -0.022985    
45.300000    | -0.027491    0.010325    | 0.017166    -0.023460    
45.400000    | -0.026395    0.011593    | 0.014802    -0.023792    
45.500000    | -0.025176    0.012764    | 0.012412    -0.023981    
45.600000    | -0.023845    0.013835    | 0.010010    -0.024032    
45.700000    | -0.022413    0.014802    | 0.007610    -0.023945    
45.800000    | -0.020888    0.015663    | 0.005226    -0.023726    
45.900000    | -0.019284    0.016414    | 0.002869    -0.023379    
46.000000    | -0.017609    0.017055    | 0.000554    -0.022909    
46.100000    | -0.015876    0.017585    | -0.001709    -0.022321    
46.200000    | -0.014096    0.018003    | -0.003907    -0.021622    
46.300000    | -0.012279    0.018309    | -0.006029    -0.020818    
46.400000    | -0.010438    0.018505    | -0.008067    -0.019917    
46.500000    | -0.008582    0.018592    | -0.010010    -0.018925    
46.600000    | -0.006723    0.018572    | -0.011849    -0.017851    
46.700000    | -0.004871    0.018449    | -0.013578    -0.016702    
46.800000    | -0.003037    0.018224    | -0.015188    -0.015488    
46.900000    | -0.001230    0.017903    | -0.016673    -0.014215    
47.000000    | 0.000541    0.017488    | -0.018029    -0.012893    
47.100000    | 0.002265    0.016985    | -0.019250    -0.011531    
47.200000    | 0.003935    0.016399    | -0.020334    -0.010137    
47.300000    | 0.005542    0.015735    | -0.021277    -0.008720    
47.400000    | 0.007080    0.014998    | -0.022078    -0.007287    
47.500000    | 0.008540    0.014195    | -0.022734    -0.005849    
47.600000    | 0.009917    0.013331    | -0.023247    -0.004412    
47.700000    | 0.011204    0.012413    | -0.023617    -0.002986    
47.800000    | 0.012398    0.011448    | -0.023845    -0.001577    
47.900000    | 0.013492    0.010441    | -0.023933    -0.000193    
48.000000    | 0.014485    0.009400    | -0.023885    0.001158    
48.100000    | 0.015371    0.008332    | -0.023703    0.002470    
48.200000    | 0.016150    0.007242    | -0.023393    0.003736    
48.300000    | 0.016819    0.006138    | -0.022958    0.004951    
48.400000    | 0.017378    0.005027    | -0.022404    0.006108    
48.500000    | 0.017825    0.003914    | -0.021738    0.007203    
48.600000    | 0.018161    0.002805    | -0.020966    0.008231    
48.700000    | 0.018386    0.001708    | -0.020094    0.009188    
48.800000    | 0.018503    0.000628    | -0.019131    0.010069    
48.900000    | 0.018513    -0.000429    | -0.018083    0.010873    
49.000000    | 0.018418    -0.001459    | -0.016959    0.011597    
49.100000    | 0.018222    -0.002455    | -0.015767    0.012237    
49.200000    | 0.017928    -0.003414    | -0.014514    0.012793    
49.300000    | 0.017541    -0.004330    | -0.013211    0.013264    
49.400000    | 0.017064    -0.005199    | -0.011864    0.013648    
49.500000    | 0.016502    -0.006018    | -0.010484    0.013947    
49.600000    | 0.015862    -0.006784    | -0.009078    0.014160    
49.700000    | 0.015148    -0.007493    | -0.007655    0.014288    
49.800000    | 0.014365    -0.008142    | -0.006223    0.014332    
49.900000    | 0.013521    -0.008730    | -0.004791    0.014295    
50.000000    | 0.012621    -0.009255    | -0.003367    0.014178    
50.100000    | 0.011672    -0.009714    | -0.001958    0.013985    
50.200000    | 0.010681    -0.010108    | -0.000572    0.013717    
50.300000    | 0.009653    -0.010436    | 0.000783    0.013379    
50.400000    | 0.008596    -0.010697    | 0.002101    0.012973    
50.500000    | 0.007516    -0.010891    | 0.003375    0.012504    
50.600000    | 0.006420    -0.011020    | 0.004600    0.011977    
50.700000    | 0.005314    -0.011083    | 0.005769    0.011395    
50.800000    | 0.004205    -0.011082    | 0.006877    0.010762    
50.900000    | 0.003100    -0.011020    | 0.007920    0.010085    
51.000000    | 0.002003    -0.010896    | 0.008893    0.009367    
51.100000    | 0.000922    -0.010715    | 0.009792    0.008614    
51.200000    | -0.000138    -0.010477    | 0.010615    0.007830    
51.300000    | -0.001171    -0.010186    | 0.011357    0.007022    
51.400000    | -0.002173    -0.009845    | 0.012018    0.006193    
51.500000    | -0.003139    -0.009457    | 0.012596    0.005350    
51.600000    | -0.004063    -0.009025    | 0.013088    0.004497    
51.700000    | -0.004942    -0.008553    | 0.013495    0.003640    
51.800000    | -0.005772    -0.008044    | 0.013816    0.002783    
51.900000    | -0.006550    -0.007502    | 0.014052    0.001930    
52.000000    | -0.007272    -0.006931    | 0.014202    0.001088    
52.100000    | -0.007935    -0.006334    | 0.014270    0.000260    
52.200000    | -0.008538    -0.005717    | 0.014255    -0.000550    
52.300000    | -0.009078    -0.005082    | 0.014161    -0.001336    
52.400000    | -0.009554    -0.004435    | 0.013989    -0.002097    
52.500000    | -0.009965    -0.003778    | 0.013742    -0.002827    
52.600000    | -0.010309    -0.003115    | 0.013424    -0.003523    
52.700000    | -0.010588    -0.002451    | 0.013039    -0.004183    
52.800000    | -0.010800    -0.001789    | 0.012589    -0.004803    
52.900000    | -0.010946    -0.001134    | 0.012080    -0.005381    
53.000000    | -0.011027    -0.000488    | 0.011514    -0.005915    
53.100000    | -0.011044    0.000146    | 0.010898    -0.006403    
53.200000    | -0.010998    0.000763    | 0.010235    -0.006843    
53.300000    | -0.010892    0.001361    | 0.009531    -0.007234    
53.400000    | -0.010727    0.001937    | 0.008790    -0.007574    
53.500000    | -0.010505    0.002487    | 0.008018    -0.007864    
53.600000    | -0.010230    0.003011    | 0.007219    -0.008103    
53.700000    | -0.009904    0.003505    | 0.006399    -0.008290    
53.800000    | -0.009530    0.003967    | 0.005563    -0.008426    
53.900000    | -0.009112    0.004396    | 0.004716    -0.008511    
54.000000    | -0.008652    0.004790    | 0.003862    -0.008546    
54.100000    | -0.008155    0.005147    | 0.003008    -0.008532    
54.200000    | -0.007624    0.005467    | 0.002157    -0.008471    
54.300000    | -0.007063    0.005748    | 0.001315    -0.008364    
54.400000    | -0.006476    0.005990    | 0.000486    -0.008212    
54.500000    | -0.005866    0.006192    | -0.000326    -0.008017    
54.600000    | -0.005239    0.006355    | -0.001116    -0.007782    
54.700000    | -0.004597    0.006478    | -0.001881    -0.007509    
54.800000    | -0.003945    0.006561    | -0.002616    -0.007201    
54.900000    | -0.003286    0.006606    | -0.003320    -0.006859    
55.000000    | -0.002625    0.006612    | -0.003987    -0.006487    
55.100000    | -0.001965    0.006581    | -0.004616    -0.006087    
55.200000    | -0.001310    0.006514    | -0.005204    -0.005663    
55.300000    | -0.000663    0.006411    | -0.005748    -0.005218    
55.400000    | -0.000029    0.006275    | -0.006247    -0.004754    
55.500000    | 0.000591    0.006108    | -0.006698    -0.004274    
55.600000    | 0.001192    0.005909    | -0.007101    -0.003782    
55.700000    | 0.001772    0.005683    | -0.007454    -0.003280    
55.800000    | 0.002328    0.005429    | -0.007757    -0.002772    
55.900000    | 0.002857    0.005152    | -0.008009    -0.002261    
56.000000    | 0.003357    0.004852    | -0.008209    -0.001750    
56.100000    | 0.003827    0.004532    | -0.008359    -0.001241    
56.200000    | 0.004263    0.004195    | -0.008458    -0.000737    
56.300000    | 0.004665    0.003841    | -0.008506    -0.000242    
56.400000    | 0.005031    0.003475    | -0.008506    0.000243    
56.500000    | 0.005360    0.003099    | -0.008458    0.000715    
56.600000    | 0.005650    0.002713    | -0.008364    0.001171    
56.700000    | 0.005902    0.002322    | -0.008224    0.001610    
56.800000    | 0.006115    0.001928    | -0.008042    0.002029    
56.900000    | 0.006288    0.001532    | -0.007819    0.002427    
57.000000    | 0.006421    0.001137    | -0.007558    0.002801    
57.100000    | 0.006515    0.000745    | -0.007260    0.003150    
57.200000    | 0.006570    0.000358    | -0.006929    0.003473    
57.300000    | 0.006587    -0.000021    | -0.006566    0.003769    
57.400000    | 0.006566    -0.000391    | -0.006176    0.004037    
57.500000    | 0.006509    -0.000749    | -0.005760    0.004275    
57.600000    | 0.006417    -0.001095    | -0.005322    0.004483    
57.700000    | 0.006291    -0.001426    | -0.004864    0.004662    
57.800000    | 0.006132    -0.001742    | -0.004390    0.004809    
57.900000    | 0.005943    -0.002040    | -0.003903    0.004926    
58.000000    | 0.005725    -0.002319    | -0.003406    0.005013    
58.100000    | 0.005480    -0.002578    | -0.002902    0.005069    
58.200000    | 0.005210    -0.002817    | -0.002393    0.005095    
58.300000    | 0.004917    -0.003033    | -0.001884    0.005092    
58.400000    | 0.004604    -0.003228    | -0.001376    0.005060    
58.500000    | 0.004272    -0.003400    | -0.000873    0.005001    
58.600000    | 0.003925    -0.003548    | -0.000377    0.004915    
58.700000    | 0.003564    -0.003673    | 0.000109    0.004803    
58.800000    | 0.003191    -0.003774    | 0.000583    0.004667    
58.900000    | 0.002810    -0.003852    | 0.001042    0.004509    
59.000000    | 0.002422    -0.003906    | 0.001484    0.004328    
59.100000    | 0.002029    -0.003936    | 0.001907    0.004128    
59.200000    | 0.001635    -0.003944    | 0.002309    0.003909    
59.300000    | 0.001241    -0.003930    | 0.002688    0.003674    
59.400000    | 0.000850    -0.003893    | 0.003043    0.003423    
59.500000    | 0.000463    -0.003836    | 0.003373    0.003159    
59.600000    | 0.000083    -0.003758    | 0.003675    0.002884    
59.700000    | -0.000288    -0.003661    | 0.003949    0.002600    
59.800000    | -0.000648    -0.003546    | 0.004195    0.002308    
59.900000    | -0.000996    -0.003414    | 0.004410    0.002009    
60.000000    | -0.001331    -0.003266    | 0.004596    0.001707    
60.100000    | -0.001649    -0.003103    | 0.004752    0.001402    
60.200000    | -0.001951    -0.002926    | 0.004877    0.001097    
60.300000    | -0.002234    -0.002737    | 0.004971    0.000793    
60.400000    | -0.002498    -0.002538    | 0.005036    0.000492    
60.500000    | -0.002741    -0.002329    | 0.005070    0.000196    
60.600000    | -0.002963    -0.002112    | 0.005075    -0.000095    
60.700000    | -0.003163    -0.001888    | 0.005051    -0.000377    
60.800000    | -0.003341    -0.001659    | 0.005000    -0.000651    
60.900000    | -0.003495    -0.001426    | 0.004921    -0.000915    
61.000000    | -0.003626    -0.001191    | 0.004817    -0.001167    
61.100000    | -0.003733    -0.000955    | 0.004688    -0.001406    
61.200000    | -0.003817    -0.000719    | 0.004536    -0.001632    
61.300000    | -0.003877    -0.000485    | 0.004362    -0.001843    
61.400000    | -0.003914    -0.000254    | 0.004168    -0.002039    
61.500000    | -0.003928    -0.000027    | 0.003955    -0.002218    
61.600000    | -0.003920    0.000194    | 0.003725    -0.002380    
61.700000    | -0.003889    0.000410    | 0.003480    -0.002526    
61.800000    | -0.003838    0.000617    | 0.003221    -0.002653    
61.900000    | -0.003766    0.000816    | 0.002950    -0.002762    
62.000000    | -0.003675    0.001006    | 0.002669    -0.002854    
62.100000    | -0.003565    0.001186    | 0.002380    -0.002927    
62.200000    | -0.003438    0.001354    | 0.002084    -0.002982    
62.300000    | -0.003295    0.001511    | 0.001784    -0.003018    
62.400000    | -0.003137    0.001655    | 0.001481    -0.003037    
62.500000    | -0.002964    0.001787    | 0.001177    -0.003038    
62.600000    | -0.002780    0.001906    | 0.000874    -0.003022    
62.700000    | -0.002584    0.002010    | 0.000573    -0.002990    
62.800000    | -0.002378    0.002101    | 0.000277    -0.002941    
62.900000    | -0.002164    0.002178    | -0.000014    -0.002877    
63.000000    | -0.001943    0.002241    | -0.000298    -0.002799    
63.100000    | -0.001716    0.002290    | -0.000574    -0.002706    
63.200000    | -0.001485    0.002325    | -0.000839    -0.002601    
63.300000    | -0.001252    0.002345    | -0.001094    -0.002484    
63.400000    | -0.001017    0.002352    | -0.001336    -0.002355    
63.500000    | -0.000782    0.002346    | -0.001564    -0.002216    
63.600000    | -0.000548    0.002326    | -0.001779    -0.002068    
63.700000    | -0.000317    0.002294    | -0.001978    -0.001913    
63.800000    | -0.000089    0.002250    | -0.002161    -0.001750    
63.900000    | 0.000133    0.002195    | -0.002327    -0.001581    
64.000000    | 0.000349    0.002128    | -0.002477    -0.001407    
64.100000    | 0.000558    0.002051    | -0.002609    -0.001230    
64.200000    | 0.000759    0.001964    | -0.002723    -0.001050    
64.300000    | 0.000951    0.001868    | -0.002819    -0.000869    
64.400000    | 0.001132    0.001764    | -0.002896    -0.000687    
64.500000    | 0.001303    0.001653    | -0.002956    -0.000505    
64.600000    | 0.001463    0.001535    | -0.002998    -0.000325    
64.700000    | 0.001610    0.001411    | -0.003021    -0.000148    
64.800000    | 0.001745    0.001283    | -0.003027    0.000026    
64.900000    | 0.001866    0.001150    | -0.003016    0.000196    
65.000000    | 0.001975    0.001014    | -0.002988    0.000360    
65.100000    | 0.002069    0.000875    | -0.002944    0.000518    
65.200000    | 0.002150    0.000735    | -0.002885    0.000670    
65.300000    | 0.002216    0.000595    | -0.002811    0.000814    
65.400000    | 0.002268    0.000454    | -0.002722    0.000950    
65.500000    | 0.002307    0.000314    | -0.002621    0.001077    
65.600000    | 0.002331    0.000176    | -0.002507    0.001196    
65.700000    | 0.002342    0.000040    | -0.002382    0.001304    
65.800000    | 0.002339    -0.000093    | -0.002247    0.001403    
65.900000    | 0.002324    -0.000222    | -0.002102    0.001492    
66.000000    | 0.002295    -0.000347    | -0.001949    0.001570    
66.100000    | 0.002254    -0.000466    | -0.001788    0.001637    
66.200000    | 0.002202    -0.000580    | -0.001622    0.001693    
66.300000    | 0.002139    -0.000689    | -0.001450    0.001739    
66.400000    | 0.002065    -0.000790    | -0.001274    0.001773    
66.500000    | 0.001981    -0.000885    | -0.001096    0.001797    
66.600000    | 0.001888    -0.000973    | -0.000915    0.001810    
66.700000    | 0.001787    -0.001052    | -0.000734    0.001812    
66.800000    | 0.001678    -0.001124    | -0.000553    0.001805    
66.900000    | 0.001562    -0.001188    | -0.000373    0.001787    
67.000000    | 0.001440    -0.001244    | -0.000196    0.001760    
67.100000    | 0.001313    -0.001292    | -0.000022    0.001723    
67.200000    | 0.001182    -0.001331    | 0.000148    0.001678    
67.300000    | 0.001047    -0.001361    | 0.000314    0.001624    
67.400000    | 0.000910    -0.001383    | 0.000473    0.001563    
67.500000    | 0.000771    -0.001397    | 0.000626    0.001494    
67.600000    | 0.000631    -0.001403    | 0.000772    0.001418    
67.700000    | 0.000491    -0.001400    | 0.000909    0.001337    
67.800000    | 0.000351    -0.001390    | 0.001039    0.001249    
67.900000    | 0.000213    -0.001372    | 0.001159    0.001157    
68.000000    | 0.000077    -0.001347    | 0.001270    0.001061    
68.100000    | -0.000056    -0.001315    | 0.001371    0.000961    
68.200000    | -0.000186    -0.001276    | 0.001462    0.000858    
68.300000    | -0.000311    -0.001231    | 0.001543    0.000752    
68.400000    | -0.000432    -0.001181    | 0.001613    0.000645    
68.500000    | -0.000547    -0.001125    | 0.001672    0.000537    
68.600000    | -0.000657    -0.001063    | 0.001720    0.000429    
68.700000    | -0.000760    -0.000998    | 0.001757    0.000320    
68.800000    | -0.000856    -0.000928    | 0.001784    0.000213    
68.900000    | -0.000945    -0.000855    | 0.001800    0.000107    
69.000000    | -0.001027    -0.000779    | 0.001805    0.000003    
69.100000    | -0.001101    -0.000700    | 0.001801    -0.000099    
69.200000    | -0.001167    -0.000619    | 0.001786    -0.000198    
69.300000    | -0.001225    -0.000537    | 0.001761    -0.000293    
69.400000    | -0.001274    -0.000453    | 0.001727    -0.000384    
69.500000    | -0.001315    -0.000369    | 0.001685    -0.000471    
69.600000    | -0.001348    -0.000285    | 0.001633    -0.000553    
69.700000    | -0.001372    -0.000202    | 0.001574    -0.000630    
69.800000    | -0.001388    -0.000119    | 0.001508    -0.000701    
69.900000    | -0.001396    -0.000038    | 0.001434    -0.000767    
70.000000    | -0.001396    0.000042    | 0.001354    -0.000827    
70.100000    | -0.001388    0.000119    | 0.001269    -0.000881    
70.200000    | -0.001372    0.000194    | 0.001179    -0.000928    
70.300000    | -0.001349    0.000266    | 0.001084    -0.000969    
70.400000    | -0.001319    0.000334    | 0.000985    -0.001004    
70.500000    | -0.001283    0.000400    | 0.000883    -0.001032    
70.600000    | -0.001239    0.000461    | 0.000779    -0.001054    
70.700000    | -0.001191    0.000518    | 0.000672    -0.001070    
70.800000    | -0.001136    0.000571    | 0.000565    -0.001078    
70.900000    | -0.001076    0.000620    | 0.000457    -0.001081    
71.000000    | -0.001012    0.000663    | 0.000349    -0.001078    
71.100000    | -0.000944    0.000702    | 0.000242    -0.001068    
71.200000    | -0.000872    0.000736    | 0.000135    -0.001053    
71.300000    | -0.000797    0.000766    | 0.000031    -0.001032    
71.400000    | -0.000719    0.000790    | -0.000071    -0.001006    
71.500000    | -0.000639    0.000809    | -0.000170    -0.000975    
71.600000    | -0.000557    0.000823    | -0.000266    -0.000939    
71.700000    | -0.000475    0.000832    | -0.000357    -0.000899    
71.800000    | -0.000391    0.000836    | -0.000445    -0.000854    
71.900000    | -0.000308    0.000836    | -0.000528    -0.000806    
72.000000    | -0.000224    0.000830    | -0.000606    -0.000755    
72.100000    | -0.000142    0.000821    | -0.000679    -0.000700    
72.200000    | -0.000060    0.000806    | -0.000746    -0.000643    
72.300000    | 0.000020    0.000788    | -0.000807    -0.000584    
72.400000    | 0.000097    0.000766    | -0.000863    -0.000522    
72.500000    | 0.000173    0.000739    | -0.000912    -0.000460    
72.600000    | 0.000245    0.000710    | -0.000955    -0.000396    
72.700000    | 0.000314    0.000677    | -0.000991    -0.000332    
72.800000    | 0.000380    0.000641    | -0.001021    -0.000267    
72.900000    | 0.000442    0.000602    | -0.001045    -0.000202    
73.000000    | 0.000501    0.000561    | -0.001062    -0.000138    
73.100000    | 0.000555    0.000518    | -0.001072    -0.000075    
73.200000    | 0.000604    0.000472    | -0.001077    -0.000012    
73.300000    | 0.000649    0.000426    | -0.001075    0.000048    
73.400000    | 0.000689    0.000378    | -0.001067    0.000108    
73.500000    | 0.000725    0.000329    | -0.001053    0.000165    
73.600000    | 0.000755    0.000279    | -0.001034    0.000219    
73.700000    | 0.000780    0.000229    | -0.001009    0.000272    
73.800000    | 0.000801    0.000179    | -0.000980    0.000321    
73.900000    | 0.000816    0.000129    | -0.000945    0.000368    
74.000000    | 0.000827    0.000080    | -0.000906    0.000411    
74.100000    | 0.000832    0.000031    | -0.000863    0.000451    
74.200000    | 0.000833    -0.000016    | -0.000816    0.000487    
74.300000    | 0.000829    -0.000063    | -0.000766    0.000520    
74.400000    | 0.000820    -0.000108    | -0.000713    0.000549    
74.500000    | 0.000807    -0.000151    | -0.000656    0.000574    
74.600000    | 0.000790    -0.000192    | -0.000598    0.000595    
74.700000    | 0.000769    -0.000232    | -0.000537    0.000613    
74.800000    | 0.000744    -0.000269    | -0.000475    0.000627    
74.900000    | 0.000715    -0.000303    | -0.000412    0.000636    
75.000000    | 0.000683    -0.000335    | -0.000348    0.000642    
75.100000    | 0.000648    -0.000365    | -0.000284    0.000645    
75.200000    | 0.000611    -0.000391    | -0.000219    0.000643    
75.300000    | 0.000570    -0.000415    | -0.000155    0.000638    
75.400000    | 0.000528    -0.000436    | -0.000092    0.000630    
75.500000    | 0.000483    -0.000454    | -0.000029    0.000618    
75.600000    | 0.000437    -0.000469    | 0.000032    0.000603    
75.700000    | 0.000390    -0.000481    | 0.000091    0.000585    
75.800000    | 0.000341    -0.000489    | 0.000148    0.000564    
75.900000    | 0.000292    -0.000495    | 0.000204    0.000540    
76.000000    | 0.000242    -0.000498    | 0.000256    0.000514    
76.100000    | 0.000192    -0.000499    | 0.000306    0.000486    
76.200000    | 0.000142    -0.000496    | 0.000354    0.000456    
76.300000    | 0.000093    -0.000491    | 0.000397    0.000423    
76.400000    | 0.000044    -0.000483    | 0.000438    0.000390    
76.500000    | -0.000003    -0.000472    | 0.000475    0.000354    
76.600000    | -0.000050    -0.000459    | 0.000509    0.000318    
76.700000    | -0.000095    -0.000444    | 0.000539    0.000281    
76.800000    | -0.000139    -0.000427    | 0.000565    0.000243    
76.900000    | -0.000180    -0.000407    | 0.000588    0.000205    
77.000000    | -0.000220    -0.000386    | 0.000606    0.000166    
77.100000    | -0.000257    -0.000363    | 0.000621    0.000128    
77.200000    | -0.000293    -0.000339    | 0.000632    0.000089    
77.300000    | -0.000325    -0.000313    | 0.000639    0.000051    
77.400000    | -0.000355    -0.000287    | 0.000642    0.000014    
77.500000    | -0.000383    -0.000259    | 0.000641    -0.000023    
77.600000    | -0.000407    -0.000230    | 0.000637    -0.000058    
77.700000    | -0.000429    -0.000201    | 0.000630    -0.000092    
77.800000    | -0.000447    -0.000172    | 0.000619    -0.000125    
77.900000    | -0.000463    -0.000142    | 0.000605    -0.000157    
78.000000    | -0.000476    -0.000112    | 0.000588    -0.000186    
78.100000    | -0.000485    -0.000082    | 0.000568    -0.000214    
78.200000    | -0.000492    -0.000053    | 0.000545    -0.000241    
78.300000    | -0.000496    -0.000024    | 0.000520    -0.000265    
78.400000    | -0.000497    0.000005    | 0.000492    -0.000287    
78.500000    | -0.000495    0.000033    | 0.000462    -0.000307    
78.600000    | -0.000490    0.000060    | 0.000431    -0.000324    
78.700000    | -0.000483    0.000086    | 0.000397    -0.000340    
78.800000    | -0.000473    0.000110    | 0.000363    -0.000353    
78.900000    | -0.000461    0.000134    | 0.000327    -0.000364    
79.000000    | -0.000446    0.000156    | 0.000290    -0.000372    
79.100000    | -0.000430    0.000177    | 0.000253    -0.000379    
79.200000    | -0.000411    0.000197    | 0.000214    -0.000383    
79.300000    | -0.000391    0.000214    | 0.000176    -0.000384    
79.400000    | -0.000368    0.000231    | 0.000138    -0.000384    
79.500000    | -0.000344    0.000245    | 0.000099    -0.000381    
79.600000    | -0.000319    0.000258    | 0.000061    -0.000377    
79.700000    | -0.000293    0.000269    | 0.000024    -0.000370    
79.800000    | -0.000266    0.000278    | -0.000012    -0.000361    
79.900000    | -0.000237    0.000285    | -0.000048    -0.000351    
80.000000    | -0.000209    0.000291    | -0.000083    -0.000339    
80.100000    | -0.000179    0.000295    | -0.000116    -0.000325    
80.200000    | -0.000150    0.000297    | -0.000147    -0.000310    
80.300000    | -0.000120    0.000297    | -0.000178    -0.000293    
80.400000    | -0.000090    0.000296    | -0.000206    -0.000275    
80.500000    | -0.000061    0.000293    | -0.000233    -0.000256    
80.600000    | -0.000032    0.000289    | -0.000257    -0.000236    
80.700000    | -0.000003    0.000283    | -0.000280    -0.000215    
80.800000    | 0.000025    0.000275    | -0.000300    -0.000194    
80.900000    | 0.000052    0.000266    | -0.000318    -0.000171    
81.000000    | 0.000078    0.000256    | -0.000334    -0.000149    
81.100000    | 0.000103    0.000245    | -0.000348    -0.000126    
81.200000    | 0.000127    0.000233    | -0.000360    -0.000103    
81.300000    | 0.000150    0.000219    | -0.000369    -0.000080    
81.400000    | 0.000171    0.000205    | -0.000376    -0.000057    
81.500000    | 0.000191    0.000190    | -0.000380    -0.000035    
81.600000    | 0.000209    0.000174    | -0.000383    -0.000012    
81.700000    | 0.000225    0.000157    | -0.000383    0.000010    
81.800000    | 0.000240    0.000140    | -0.000381    0.000031    
81.900000    | 0.000253    0.000123    | -0.000377    0.000051    
82.000000    | 0.000265    0.000106    | -0.000370    0.000071    
82.100000    | 0.000275    0.000088    | -0.000362    0.000090    
82.200000    | 0.000282    0.000070    | -0.000352    0.000108    
82.300000    | 0.000289    0.000052    | -0.000341    0.000125    
82.400000    | 0.000293    0.000035    | -0.000327    0.000141    
82.500000    | 0.000295    0.000017    | -0.000313    0.000155    
82.600000    | 0.000296    0.000000    | -0.000296    0.000169    
82.700000    | 0.000295    -0.000017    | -0.000279    0.000181    
82.800000    | 0.000293    -0.000033    | -0.000260    0.000192    
82.900000    | 0.000289    -0.000048    | -0.000241    0.000201    
83.000000    | 0.000283    -0.000063    | -0.000220    0.000209    
83.100000    | 0.000276    -0.000078    | -0.000199    0.000216    
83.200000    | 0.000268    -0.000091    | -0.000177    0.000221    
83.300000    | 0.000258    -0.000104    | -0.000155    0.000225    
83.400000    | 0.000247    -0.000115    | -0.000132    0.000228    
83.500000    | 0.000235    -0.000126    | -0.000109    0.000229    
83.600000    | 0.000222    -0.000136    | -0.000086    0.000229    
83.700000    | 0.000208    -0.000145    | -0.000063    0.000228    
83.800000    | 0.000193    -0.000152    | -0.000041    0.000225    
83.900000    | 0.000178    -0.000159    | -0.000018    0.000221    
84.000000    | 0.000161    -0.000165    | 0.000004    0.000216    
84.100000    | 0.000145    -0.000170    | 0.000025    0.000210    
84.200000    | 0.000127    -0.000173    | 0.000046    0.000203    
84.300000    | 0.000110    -0.000176    | 0.000066    0.000195    
84.400000    | 0.000092    -0.000177    | 0.000085    0.000186    
84.500000    | 0.000075    -0.000177    | 0.000103    0.000176    
84.600000    | 0.000057    -0.000177    | 0.000120    0.000166    
84.700000    | 0.000039    -0.000175    | 0.000136    0.000155    
84.800000    | 0.000022    -0.000173    | 0.000151    0.000143    
84.900000    | 0.000005    -0.000169    | 0.000165    0.000131    
85.000000    | -0.000012    -0.000165    | 0.000177    0.000118    
85.100000    | -0.000028    -0.000160    | 0.000188    0.000105    
85.200000    | -0.000044    -0.000154    | 0.000198    0.000091    
85.300000    | -0.000059    -0.000147    | 0.000206    0.000078    
85.400000    | -0.000073    -0.000140    | 0.000213    0.000064    
85.500000    | -0.000087    -0.000132    | 0.000219    0.000050    
85.600000    | -0.000100    -0.000124    | 0.000223    0.000037    
85.700000    | -0.000112    -0.000115    | 0.000226    0.000023    
85.800000    | -0.000123    -0.000105    | 0.000228    0.000010    
85.900000    | -0.000133    -0.000096    | 0.000228    -0.000003    
86.000000    | -0.000142    -0.000086    | 0.000227    -0.000016    
86.100000    | -0.000150    -0.000075    | 0.000225    -0.000029    
86.200000    | -0.000157    -0.000065    | 0.000222    -0.000040    
86.300000    | -0.000163    -0.000054    | 0.000217    -0.000052    
86.400000    | -0.000168    -0.000044    | 0.000211    -0.000063    
86.500000    | -0.000172    -0.000033    | 0.000205    -0.000073    
86.600000    | -0.000174    -0.000022    | 0.000197    -0.000082    
86.700000    | -0.000176    -0.000012    | 0.000188    -0.000091    
86.800000    | -0.000177    -0.000002    | 0.000179    -0.000099    
86.900000    | -0.000176    0.000008    | 0.000168    -0.000107    
87.000000    | -0.000175    0.000018    | 0.000157    -0.000113    
87.100000    | -0.000173    0.000027    | 0.000146    -0.000119    
87.200000    | -0.000170    0.000036    | 0.000133    -0.000124    
87.300000    | -0.000166    0.000045    | 0.000121    -0.000128    
87.400000    | -0.000161    0.000053    | 0.000108    -0.000131    
87.500000    | -0.000155    0.000060    | 0.000095    -0.000134    
87.600000    | -0.000149    0.000068    | 0.000081    -0.000136    
87.700000    | -0.000142    0.000074    | 0.000067    -0.000137    
87.800000    | -0.000134    0.000080    | 0.000054    -0.000137    
87.900000    | -0.000126    0.000085    | 0.000040    -0.000136    
88.000000    | -0.000117    0.000090    | 0.000027    -0.000135    
88.100000    | -0.000108    0.000094    | 0.000013    -0.000132    
88.200000    | -0.000098    0.000098    | 0.000000    -0.000130    
88.300000    | -0.000088    0.000101    | -0.000013    -0.000126    
88.400000    | -0.000078    0.000103    | -0.000025    -0.000122    
88.500000    | -0.000067    0.000104    | -0.000037    -0.000117    
88.600000    | -0.000057    0.000105    | -0.000049    -0.000112    
88.700000    | -0.000046    0.000106    | -0.000059    -0.000106    
88.800000    | -0.000036    0.000106    | -0.000070    -0.000100    
88.900000    | -0.000025    0.000105    | -0.000079    -0.000093    
89.000000    | -0.000015    0.000103    | -0.000088    -0.000086    
89.100000    | -0.000005    0.000101    | -0.000097    -0.000079    
89.200000    | 0.000005    0.000099    | -0.000104    -0.000072    
89.300000    | 0.000015    0.000096    | -0.000111    -0.000064    
89.400000    | 0.000025    0.000092    | -0.000117    -0.000056    
89.500000    | 0.000034    0.000089    | -0.000122    -0.000048    
89.600000    | 0.000042    0.000084    | -0.000127    -0.000040    
89.700000    | 0.000050    0.000080    | -0.000130    -0.000031    
89.800000    | 0.000058    0.000075    | -0.000133    -0.000023    
89.900000    | 0.000065    0.000069    | -0.000135    -0.000015    
90.000000    | 0.000072    0.000064    | -0.000136    -0.000007    
90.100000    | 0.000078    0.000058    | -0.000136    0.000001    
90.200000    | 0.000084    0.000052    | -0.000136    0.000008    
90.300000    | 0.000089    0.000046    | -0.000135    0.000016    
90.400000    | 0.000093    0.000040    | -0.000133    0.000023    
90.500000    | 0.000096    0.000033    | -0.000130    0.000030    
90.600000    | 0.000100    0.000027    | -0.000127    0.000036    
90.700000    | 0.000102    0.000021    | -0.000123    0.000042    
90.800000    | 0.000104    0.000015    | -0.000118    0.000048    
90.900000    | 0.000105    0.000008    | -0.000113    0.000053    
91.000000    | 0.000105    0.000002    | -0.000108    0.000058    
91.100000    | 0.000105    -0.000004    | -0.000101    0.000063    
91.200000    | 0.000105    -0.000010    | -0.000095    0.000067    
91.300000    | 0.000103    -0.000015    | -0.000088    0.000070    
91.400000    | 0.000102    -0.000021    | -0.000081    0.000073    
91.500000    | 0.000099    -0.000026    | -0.000073    0.000076    
91.600000    | 0.000096    -0.000031    | -0.000066    0.000078    
91.700000    | 0.000093    -0.000035    | -0.000058    0.000080    
91.800000    | 0.000089    -0.000040    | -0.000050    0.000081    
91.900000    | 0.000085    -0.000044    | -0.000042    0.000081    
92.000000    | 0.000081    -0.000047    | -0.000034    0.000082    
92.100000    | 0.000076    -0.000050    | -0.000025    0.000081    
92.200000    | 0.000071    -0.000053    | -0.000017    0.000080    
92.300000    | 0.000065    -0.000056    | -0.000009    0.000079    
92.400000    | 0.000059    -0.000058    | -0.000001    0.000078    
92.500000    | 0.000054    -0.000060    | 0.000006    0.000076    
92.600000    | 0.000047    -0.000061    | 0.000014    0.000073    
92.700000    | 0.000041    -0.000062    | 0.000021    0.000070    
92.800000    | 0.000035    -0.000063    | 0.000028    0.000067    
92.900000    | 0.000029    -0.000063    | 0.000034    0.000064    
93.000000    | 0.000022    -0.000063    | 0.000041    0.000060    
93.100000    | 0.000016    -0.000063    | 0.000046    0.000056    
93.200000    | 0.000010    -0.000062    | 0.000052    0.000052    
93.300000    | 0.000004    -0.000061    | 0.000057    0.000048    
93.400000    | -0.000002    -0.000059    | 0.000061    0.000043    
93.500000    | -0.000008    -0.000058    | 0.000066    0.000039    
93.600000    | -0.000014    -0.000056    | 0.000069    0.000034    
93.700000    | -0.000019    -0.000053    | 0.000072    0.000029    
93.800000    | -0.000024    -0.000051    | 0.000075    0.000024    
93.900000    | -0.000029    -0.000048    | 0.000077    0.000020    
94.000000    | -0.000034    -0.000045    | 0.000079    0.000015    
94.100000    | -0.000038    -0.000042    | 0.000080    0.000010    
94.200000    | -0.000042    -0.000039    | 0.000081    0.000005    
94.300000    | -0.000046    -0.000035    | 0.000081    0.000000    
94.400000    | -0.000049    -0.000032    | 0.000081    -0.000004    
94.500000    | -0.000052    -0.000028    | 0.000080    -0.000009    
94.600000    | -0.000055    -0.000024    | 0.000079    -0.000013    
94.700000    | -0.000057    -0.000021    | 0.000078    -0.000017    
94.800000    | -0.000059    -0.000017    | 0.000076    -0.000021    
94.900000    | -0.000061    -0.000013    | 0.000074    -0.000025    
95.000000    | -0.000062    -0.000009    | 0.000071    -0.000028    
95.100000    | -0.000062    -0.000006    | 0.000068    -0.000031    
95.200000    | -0.000063    -0.000002    | 0.000065    -0.000034    
95.300000    | -0.000063    0.000002    | 0.000061    -0.000037    
95.400000    | -0.000062    0.000005    | 0.000057    -0.000039    
95.500000    | -0.000062    0.000009    | 0.000053    -0.000042    
95.600000    | -0.000061    0.000012    | 0.000049    -0.000044    
95.700000    | -0.000059    0.000015    | 0.000045    -0.000045    
95.800000    | -0.000058    0.000018    | 0.000040    -0.000046    
95.900000    | -0.000056    0.000021    | 0.000035    -0.000047    
96.000000    | -0.000054    0.000023    | 0.000031    -0.000048    
96.100000    | -0.000051    0.000026    | 0.000026    -0.000048    
96.200000    | -0.000049    0.000028    | 0.000021    -0.000049    
96.300000    | -0.000046    0.000030    | 0.000016    -0.000048    
96.400000    | -0.000043    0.000031    | 0.000011    -0.000048    
96.500000    | -0.000039    0.000033    | 0.000006    -0.000047    
96.600000    | -0.000036    0.000034    | 0.000002    -0.000046    
96.700000    | -0.000033    0.000035    | -0.000003    -0.000045    
96.800000    | -0.000029    0.000036    | -0.000007    -0.000044    
96.900000    | -0.000025    0.000037    | -0.000012    -0.000042    
97.000000    | -0.000022    0.000037    | -0.000016    -0.000041    
97.100000    | -0.000018    0.000038    | -0.000020    -0.000039    
97.200000    | -0.000014    0.000038    | -0.000024    -0.000036    
97.300000    | -0.000010    0.000037    | -0.000027    -0.000034    
97.400000    | -0.000007    0.000037    | -0.000030    -0.000032    
97.500000    | -0.000003    0.000036    | -0.000033    -0.000029    
97.600000    | 0.000001    0.000036    | -0.000036    -0.000026    
97.700000    | 0.000004    0.000035    | -0.000039    -0.000024    
97.800000    | 0.000008    0.000033    | -0.000041    -0.000021    
97.900000    | 0.000011    0.000032    | -0.000043    -0.000018    
98.000000    | 0.000014    0.000031    | -0.000044    -0.000015    
98.100000    | 0.000017    0.000029    | -0.000046    -0.000012    
98.200000    | 0.000020    0.000027    | -0.000047    -0.000009    
98.300000    | 0.000022    0.000025    | -0.000048    -0.000006    
98.400000    | 0.000025    0.000023    | -0.000048    -0.000004    
98.500000    | 0.000027    0.000021    | -0.000048    -0.000001    
98.600000    | 0.000029    0.000019    | -0.000048    0.000002    
98.700000    | 0.000031    0.000017    | -0.000048    0.000005    
98.800000    | 0.000033    0.000015    | -0.000047    0.000007    
98.900000    | 0.000034    0.000013    | -0.000047    0.000010    
99.000000    | 0.000035    0.000010    | -0.000045    0.000012    
99.100000    | 0.000036    0.000008    | -0.000044    0.000014    
99.200000    | 0.000037    0.000006    | -0.000043    0.000016    
99.300000    | 0.000037    0.000004    | -0.000041    0.000018    
99.400000    | 0.000037    0.000002    | -0.000039    0.000020    
99.500000    | 0.000037    -0.000001    | -0.000037    0.000022    
99.600000    | 0.000037    -0.000003    | -0.000035    0.000023    
99.700000    | 0.000037    -0.000005    | -0.000032    0.000025    
99.800000    | 0.000036    -0.000007    | -0.000030    0.000026    
99.900000    | 0.000036    -0.000009    | -0.000027    0.000027    
