0.000000    0.000000    0.000000    0.000000    10.000000    
0.100000    0.000000    0.000000    0.904775    9.951636    
0.200000    0.000000    0.000000    1.636889    9.812733    
0.300000    0.000000    0.000000    2.219808    9.592015    
0.400000    0.000000    0.000000    2.673542    9.297527    
0.500000    0.000000    0.000000    3.015178    8.936760    
0.600000    0.000000    0.000000    3.259361    8.516745    
0.700000    0.000000    0.000000    3.418699    8.044128    
0.800000    0.000000    0.000000    3.504105    7.525233    
0.900000    0.000000    0.000000    3.525070    6.966105    
1.000000    0.000000    0.000000    3.489902    6.372549    
1.100000    0.000000    0.000000    3.405920    5.750148    
1.200000    0.000000    0.000000    3.279611    5.104289    
1.300000    0.000000    0.000000    3.116766    4.440166    
1.400000    0.000000    0.000000    2.922590    3.762794    
1.500000    0.000000    0.000000    2.701788    3.077005    
1.600000    0.000000    0.000000    2.458643    2.387446    
1.700000    0.000000    0.000000    2.197075    1.698584    
1.800000    0.000000    0.000000    1.920686    1.014689    
1.900000    0.000000    0.000000    1.632807    0.339836    
2.000000    0.000000    0.000000    1.336523    -0.322106    
2.100000    0.000000    0.000000    1.034699    -0.967480    
2.200000    0.000000    0.000000    0.730006    -1.592851    
2.300000    0.000000    0.000000    0.424926    -2.195015    
2.400000    0.000000    0.000000    0.121776    -2.770999    
2.500000    0.000000    0.000000    -0.177293    -3.318077    
2.600000    0.000000    0.000000    -0.470283    -3.833769    
2.700000    0.000000    0.000000    -0.755344    -4.315847    
2.800000    0.000000    0.000000    -1.030773    -4.762342    
2.900000    0.000000    0.000000    -1.295009    -5.171544    
3.000000    0.000000    0.000000    -1.546630    -5.542002    
3.100000    0.000000    0.000000    -1.784355    -5.872529    
3.200000    0.000000    0.000000    -2.007038    -6.162195    
3.300000    0.000000    0.000000    -2.213668    -6.410331    
3.400000    0.000000    0.000000    -2.403370    -6.616521    
3.500000    0.000000    0.000000    -2.575402    -6.780600    
3.600000    0.000000    0.000000    -2.729151    -6.902647    
3.700000    0.000000    0.000000    -2.864135    -6.982978    
3.800000    0.000000    0.000000    -2.979999    -7.022139    
3.900000    0.000000    0.000000    -3.076511    -7.020896    
4.000000    0.000000    0.000000    -3.153561    -6.980225    
4.100000    0.000000    0.000000    -3.211157    -6.901304    
4.200000    0.000000    0.000000    -3.249422    -6.785495    
4.300000    0.000000    0.000000    -3.268586    -6.634339    
4.400000    0.000000    0.000000    -3.268988    -6.449537    
4.500000    0.000000    0.000000    -3.251064    -6.232941    
4.600000    0.000000    0.000000    -3.215347    -5.986536    
4.700000    0.000000    0.000000    -3.162457    -5.712427    
4.800000    0.000000    0.000000    -3.093101    -5.412826    
4.900000    0.000000    0.000000    -3.008058    -5.090034    
5.000000    0.000000    0.000000    -2.908182    -4.746426    
5.100000    0.000000    0.000000    -2.794389    -4.384440    
5.200000    0.000000    0.000000    -2.667650    -4.006554    
5.300000    0.000000    0.000000    -2.528990    -3.615281    
5.400000    0.000000    0.000000    -2.379474    -3.213145    
5.500000    0.000000    0.000000    -2.220204    -2.802670    
5.600000    0.000000    0.000000    -2.052309    -2.386367    
5.700000    0.000000    0.000000    -1.876942    -1.966721    
5.800000    0.000000    0.000000    -1.695268    -1.546172    
5.900000    0.000000    0.000000    -1.508462    -1.127107    
6.000000    0.000000    0.000000    -1.317697    -0.711850    
6.100000    0.000000    0.000000    -1.124141    -0.302643    
6.200000    0.000000    0.000000    -0.928952    0.098357    
6.300000    0.000000    0.000000    -0.733265    0.489093    
6.400000    0.000000    0.000000    -0.538193    0.867616    
6.500000    0.000000    0.000000    -0.344819    1.232091    
6.600000    0.000000    0.000000    -0.154189    1.580808    
6.700000    0.000000    0.000000    0.032691    1.912187    
6.800000    0.000000    0.000000    0.214861    2.224783    
6.900000    0.000000    0.000000    0.391410    2.517292    
7.000000    0.000000    0.000000    0.561480    2.788554    
7.100000    0.000000    0.000000    0.724273    3.037559    
7.200000    0.000000    0.000000    0.879048    3.263443    
7.300000    0.000000    0.000000    1.025129    3.465496    
7.400000    0.000000    0.000000    1.161905    3.643158    
7.500000    0.000000    0.000000    1.288831    3.796020    
7.600000    0.000000    0.000000    1.405432    3.923822    
7.700000    0.000000    0.000000    1.511301    4.026452    
7.800000    0.000000    0.000000    1.606104    4.103943    
7.900000    0.000000    0.000000    1.689574    4.156467    
8.000000    0.000000    0.000000    1.761516    4.184332    
8.100000    0.000000    0.000000    1.821806    4.187980    
8.200000    0.000000    0.000000    1.870385    4.167976    
8.300000    0.000000    0.000000    1.907264    4.125005    
8.400000    0.000000    0.000000    1.932519    4.059866    
8.500000    0.000000    0.000000    1.946289    3.973461    
8.600000    0.000000    0.000000    1.948774    3.866792    
8.700000    0.000000    0.000000    1.940235    3.740949    
8.800000    0.000000    0.000000    1.920986    3.597105    
8.900000    0.000000    0.000000    1.891395    3.436504    
9.000000    0.000000    0.000000    1.851878    3.260458    
9.100000    0.000000    0.000000    1.802899    3.070329    
9.200000    0.000000    0.000000    1.744961    2.867528    
9.300000    0.000000    0.000000    1.678608    2.653504    
9.400000    0.000000    0.000000    1.604418    2.429733    
9.500000    0.000000    0.000000    1.522996    2.197709    
9.600000    0.000000    0.000000    1.434977    1.958937    
9.700000    0.000000    0.000000    1.341016    1.714926    
9.800000    0.000000    0.000000    1.241784    1.467173    
9.900000    0.000000    0.000000    1.137968    1.217165    
10.000000    0.000000    0.000000    1.030263    0.966362    
10.100000    0.000000    0.000000    0.919370    0.716194    
10.200000    0.000000    0.000000    0.805988    0.468054    
10.300000    0.000000    0.000000    0.690817    0.223290    
10.400000    0.000000    0.000000    0.574548    -0.016805    
10.500000    0.000000    0.000000    0.457862    -0.250992    
10.600000    0.000000    0.000000    0.341425    -0.478096    
10.700000    0.000000    0.000000    0.225886    -0.697010    
10.800000    0.000000    0.000000    0.111874    -0.906703    
10.900000    0.000000    0.000000    -0.000007    -1.106217    
11.000000    0.000000    0.000000    -0.109179    -1.294675    
11.100000    0.000000    0.000000    -0.215094    -1.471286    
11.200000    0.000000    0.000000    -0.317233    -1.635342    
11.300000    0.000000    0.000000    -0.415114    -1.786225    
11.400000    0.000000    0.000000    -0.508290    -1.923405    
11.500000    0.000000    0.000000    -0.596350    -2.046440    
11.600000    0.000000    0.000000    -0.678922    -2.154983    
11.700000    0.000000    0.000000    -0.755675    -2.248772    
11.800000    0.000000    0.000000    -0.826318    -2.327638    
11.900000    0.000000    0.000000    -0.890600    -2.391497    
12.000000    0.000000    0.000000    -0.948316    -2.440355    
12.100000    0.000000    0.000000    -0.999298    -2.474299    
12.200000    0.000000    0.000000    -1.043424    -2.493500    
12.300000    0.000000    0.000000    -1.080610    -2.498206    
12.400000    0.000000    0.000000    -1.110815    -2.488742    
12.500000    0.000000    0.000000    -1.134040    -2.465504    
12.600000    0.000000    0.000000    -1.150321    -2.428958    
12.700000    0.000000    0.000000    -1.159736    -2.379629    
12.800000    0.000000    0.000000    -1.162398    -2.318106    
12.900000    0.000000    0.000000    -1.158455    -2.245030    
13.000000    0.000000    0.000000    -1.148089    -2.161092    
13.100000    0.000000    0.000000    -1.131515    -2.067027    
13.200000    0.000000    0.000000    -1.108976    -1.963609    
13.300000    0.000000    0.000000    -1.080742    -1.851648    
13.400000    0.000000    0.000000    -1.047112    -1.731979    
13.500000    0.000000    0.000000    -1.008405    -1.605463    
13.600000    0.000000    0.000000    -0.964961    -1.472977    
13.700000    0.000000    0.000000    -0.917139    -1.335411    
13.800000    0.000000    0.000000    -0.865315    -1.193663    
13.900000    0.000000    0.000000    -0.809878    -1.048631    
14.000000    0.000000    0.000000    -0.751226    -0.901211    
14.100000    0.000000    0.000000    -0.689767    -0.752289    
14.200000    0.000000    0.000000    -0.625916    -0.602741    
14.300000    0.000000    0.000000    -0.560089    -0.453422    
14.400000    0.000000    0.000000    -0.492704    -0.305168    
14.500000    0.000000    0.000000    -0.424179    -0.158786    
14.600000    0.000000    0.000000    -0.354927    -0.015056    
14.700000    0.000000    0.000000    -0.285354    0.125279    
14.800000    0.000000    0.000000    -0.215861    0.261511    
14.900000    0.000000    0.000000    -0.146835    0.392973    
15.000000    0.000000    0.000000    -0.078655    0.519041    
15.100000    0.000000    0.000000    -0.011683    0.639136    
15.200000    0.000000    0.000000    0.053733    0.752727    
15.300000    0.000000    0.000000    0.117262    0.859333    
15.400000    0.000000    0.000000    0.178594    0.958522    
15.500000    0.000000    0.000000    0.237436    1.049916    
15.600000    0.000000    0.000000    0.293517    1.133190    
15.700000    0.000000    0.000000    0.346588    1.208072    
15.800000    0.000000    0.000000    0.396425    1.274343    
15.900000    0.000000    0.000000    0.442824    1.331840    
16.000000    0.000000    0.000000    0.485609    1.380451    
16.100000    0.000000    0.000000    0.524625    1.420117    
16.200000    0.000000    0.000000    0.559744    1.450834    
16.300000    0.000000    0.000000    0.590864    1.472643    
16.400000    0.000000    0.000000    0.617906    1.485638    
16.500000    0.000000    0.000000    0.640817    1.489960    
16.600000    0.000000    0.000000    0.659567    1.485794    
16.700000    0.000000    0.000000    0.674152    1.473370    
16.800000    0.000000    0.000000    0.684591    1.452956    
16.900000    0.000000    0.000000    0.690925    1.424861    
17.000000    0.000000    0.000000    0.693219    1.389430    
17.100000    0.000000    0.000000    0.691556    1.347039    
17.200000    0.000000    0.000000    0.686043    1.298095    
17.300000    0.000000    0.000000    0.676803    1.243033    
17.400000    0.000000    0.000000    0.663979    1.182311    
17.500000    0.000000    0.000000    0.647730    1.116406    
17.600000    0.000000    0.000000    0.628230    1.045815    
17.700000    0.000000    0.000000    0.605667    0.971050    
17.800000    0.000000    0.000000    0.580243    0.892632    
17.900000    0.000000    0.000000    0.552169    0.811089    
18.000000    0.000000    0.000000    0.521669    0.726958    
18.100000    0.000000    0.000000    0.488972    0.640774    
18.200000    0.000000    0.000000    0.454315    0.553071    
18.300000    0.000000    0.000000    0.417942    0.464380    
18.400000    0.000000    0.000000    0.380097    0.375223    
18.500000    0.000000    0.000000    0.341031    0.286114    
18.600000    0.000000    0.000000    0.300991    0.197553    
18.700000    0.000000    0.000000    0.260228    0.110025    
18.800000    0.000000    0.000000    0.218987    0.023997    
18.900000    0.000000    0.000000    0.177513    -0.060082    
19.000000    0.000000    0.000000    0.136044    -0.141788    
19.100000    0.000000    0.000000    0.094814    -0.220718    
19.200000    0.000000    0.000000    0.054049    -0.296495    
19.300000    0.000000    0.000000    0.013967    -0.368769    
19.400000    0.000000    0.000000    -0.025224    -0.437217    
19.500000    0.000000    0.000000    -0.063323    -0.501549    
19.600000    0.000000    0.000000    -0.100144    -0.561501    
19.700000    0.000000    0.000000    -0.135509    -0.616842    
19.800000    0.000000    0.000000    -0.169256    -0.667372    
19.900000    0.000000    0.000000    -0.201234    -0.712924    
20.000000    0.000000    0.000000    -0.231304    -0.753361    
20.100000    0.000000    0.000000    -0.259346    -0.788581    
20.200000    0.000000    0.000000    -0.285249    -0.818511    
20.300000    0.000000    0.000000    -0.308920    -0.843111    
20.400000    0.000000    0.000000    -0.330280    -0.862372    
20.500000    0.000000    0.000000    -0.349264    -0.876314    
20.600000    0.000000    0.000000    -0.365823    -0.884988    
20.700000    0.000000    0.000000    -0.379924    -0.888472    
20.800000    0.000000    0.000000    -0.391545    -0.886873    
20.900000    0.000000    0.000000    -0.400681    -0.880323    
21.000000    0.000000    0.000000    -0.407343    -0.868979    
21.100000    0.000000    0.000000    -0.411550    -0.853020    
21.200000    0.000000    0.000000    -0.413341    -0.832648    
21.300000    0.000000    0.000000    -0.412762    -0.808084    
21.400000    0.000000    0.000000    -0.409875    -0.779568    
21.500000    0.000000    0.000000    -0.404752    -0.747357    
21.600000    0.000000    0.000000    -0.397476    -0.711721    
21.700000    0.000000    0.000000    -0.388139    -0.672943    
21.800000    0.000000    0.000000    -0.376845    -0.631317    
21.900000    0.000000    0.000000    -0.363703    -0.587148    
22.000000    0.000000    0.000000    -0.348834    -0.540744    
22.100000    0.000000    0.000000    -0.332362    -0.492422    
22.200000    0.000000    0.000000    -0.314419    -0.442499    
22.300000    0.000000    0.000000    -0.295141    -0.391295    
22.400000    0.000000    0.000000    -0.274669    -0.339129    
22.500000    0.000000    0.000000    -0.253148    -0.286318    
22.600000    0.000000    0.000000    -0.230723    -0.233175    
22.700000    0.000000    0.000000    -0.207543    -0.180007    
22.800000    0.000000    0.000000    -0.183757    -0.127114    
22.900000    0.000000    0.000000    -0.159513    -0.074786    
23.000000    0.000000    0.000000    -0.134958    -0.023304    
23.100000    0.000000    0.000000    -0.110238    0.027062    
23.200000    0.000000    0.000000    -0.085497    0.076057    
23.300000    0.000000    0.000000    -0.060874    0.123437    
23.400000    0.000000    0.000000    -0.036505    0.168975    
23.500000    0.000000    0.000000    -0.012520    0.212460    
23.600000    0.000000    0.000000    0.010955    0.253697    
23.700000    0.000000    0.000000    0.033799    0.292508    
23.800000    0.000000    0.000000    0.055900    0.328733    
23.900000    0.000000    0.000000    0.077152    0.362232    
24.000000    0.000000    0.000000    0.097454    0.392881    
24.100000    0.000000    0.000000    0.116717    0.420578    
24.200000    0.000000    0.000000    0.134857    0.445238    
24.300000    0.000000    0.000000    0.151799    0.466795    
24.400000    0.000000    0.000000    0.167476    0.485204    
24.500000    0.000000    0.000000    0.181832    0.500438    
24.600000    0.000000    0.000000    0.194816    0.512486    
24.700000    0.000000    0.000000    0.206391    0.521360    
24.800000    0.000000    0.000000    0.216524    0.527085    
24.900000    0.000000    0.000000    0.225193    0.529706    
25.000000    0.000000    0.000000    0.232385    0.529284    
25.100000    0.000000    0.000000    0.238096    0.525893    
25.200000    0.000000    0.000000    0.242328    0.519626    
25.300000    0.000000    0.000000    0.245095    0.510586    
25.400000    0.000000    0.000000    0.246416    0.498893    
25.500000    0.000000    0.000000    0.246318    0.484676    
25.600000    0.000000    0.000000    0.244837    0.468076    
25.700000    0.000000    0.000000    0.242014    0.449245    
25.800000    0.000000    0.000000    0.237898    0.428342    
25.900000    0.000000    0.000000    0.232543    0.405535    
26.000000    0.000000    0.000000    0.226009    0.380998    
26.100000    0.000000    0.000000    0.218361    0.354912    
26.200000    0.000000    0.000000    0.209671    0.327460    
26.300000    0.000000    0.000000    0.200011    0.298831    
26.400000    0.000000    0.000000    0.189459    0.269214    
26.500000    0.000000    0.000000    0.178097    0.238799    
26.600000    0.000000    0.000000    0.166009    0.207777    
26.700000    0.000000    0.000000    0.153278    0.176337    
26.800000    0.000000    0.000000    0.139994    0.144666    
26.900000    0.000000    0.000000    0.126244    0.112948    
27.000000    0.000000    0.000000    0.112116    0.081363    
27.100000    0.000000    0.000000    0.097699    0.050084    
27.200000    0.000000    0.000000    0.083082    0.019282    
27.300000    0.000000    0.000000    0.068352    -0.010884    
27.400000    0.000000    0.000000    0.053593    -0.040258    
27.500000    0.000000    0.000000    0.038890    -0.068694    
27.600000    0.000000    0.000000    0.024325    -0.096055    
27.700000    0.000000    0.000000    0.009975    -0.122213    
27.800000    0.000000    0.000000    -0.004083    -0.147050    
27.900000    0.000000    0.000000    -0.017778    -0.170458    
28.000000    0.000000    0.000000    -0.031042    -0.192341    
28.100000    0.000000    0.000000    -0.043809    -0.212611    
28.200000    0.000000    0.000000    -0.056021    -0.231195    
28.300000    0.000000    0.000000    -0.067622    -0.248027    
28.400000    0.000000    0.000000    -0.078562    -0.263057    
28.500000    0.000000    0.000000    -0.088795    -0.276242    
28.600000    0.000000    0.000000    -0.098280    -0.287554    
28.700000    0.000000    0.000000    -0.106983    -0.296974    
28.800000    0.000000    0.000000    -0.114873    -0.304495    
28.900000    0.000000    0.000000    -0.121925    -0.310121    
29.000000    0.000000    0.000000    -0.128121    -0.313866    
29.100000    0.000000    0.000000    -0.133446    -0.315754    
29.200000    0.000000    0.000000    -0.137892    -0.315820    
29.300000    0.000000    0.000000    -0.141453    -0.314107    
29.400000    0.000000    0.000000    -0.144133    -0.310668    
29.500000    0.000000    0.000000    -0.145937    -0.305565    
29.600000    0.000000    0.000000    -0.146876    -0.298866    
29.700000    0.000000    0.000000    -0.146966    -0.290647    
29.800000    0.000000    0.000000    -0.146227    -0.280993    
29.900000    0.000000    0.000000    -0.144683    -0.269991    
30.000000    0.000000    0.000000    -0.142362    -0.257736    
30.100000    0.000000    0.000000    -0.139296    -0.244328    
30.200000    0.000000    0.000000    -0.135521    -0.229870    
30.300000    0.000000    0.000000    -0.131075    -0.214469    
30.400000    0.000000    0.000000    -0.125999    -0.198234    
30.500000    0.000000    0.000000    -0.120337    -0.181276    
30.600000    0.000000    0.000000    -0.114135    -0.163709    
30.700000    0.000000    0.000000    -0.107441    -0.145647    
30.800000    0.000000    0.000000    -0.100305    -0.127202    
30.900000    0.000000    0.000000    -0.092777    -0.108489    
31.000000    0.000000    0.000000    -0.084909    -0.089618    
31.100000    0.000000    0.000000    -0.076755    -0.070699    
31.200000    0.000000    0.000000    -0.068365    -0.051841    
31.300000    0.000000    0.000000    -0.059794    -0.033148    
31.400000    0.000000    0.000000    -0.051095    -0.014721    
31.500000    0.000000    0.000000    -0.042318    0.003342    
31.600000    0.000000    0.000000    -0.033516    0.020950    
31.700000    0.000000    0.000000    -0.024738    0.038013    
31.800000    0.000000    0.000000    -0.016034    0.054449    
31.900000    0.000000    0.000000    -0.007450    0.070181    
32.000000    0.000000    0.000000    0.000967    0.085137    
32.100000    0.000000    0.000000    0.009176    0.099252    
32.200000    0.000000    0.000000    0.017134    0.112466    
32.300000    0.000000    0.000000    0.024803    0.124728    
32.400000    0.000000    0.000000    0.032147    0.135991    
32.500000    0.000000    0.000000    0.039132    0.146217    
32.600000    0.000000    0.000000    0.045728    0.155372    
32.700000    0.000000    0.000000    0.051907    0.163431    
32.800000    0.000000    0.000000    0.057644    0.170376    
32.900000    0.000000    0.000000    0.062918    0.176193    
33.000000    0.000000    0.000000    0.067710    0.180879    
33.100000    0.000000    0.000000    0.072005    0.184433    
33.200000    0.000000    0.000000    0.075791    0.186864    
33.300000    0.000000    0.000000    0.079059    0.188184    
33.400000    0.000000    0.000000    0.081803    0.188414    
33.500000    0.000000    0.000000    0.084020    0.187578    
33.600000    0.000000    0.000000    0.085711    0.185707    
33.700000    0.000000    0.000000    0.086879    0.182836    
33.800000    0.000000    0.000000    0.087529    0.179006    
33.900000    0.000000    0.000000    0.087672    0.174261    
34.000000    0.000000    0.000000    0.087317    0.168651    
34.100000    0.000000    0.000000    0.086480    0.162228    
34.200000    0.000000    0.000000    0.085177    0.155048    
34.300000    0.000000    0.000000    0.083426    0.147169    
34.400000    0.000000    0.000000    0.081248    0.138653    
34.500000    0.000000    0.000000    0.078665    0.129563    
34.600000    0.000000    0.000000    0.075703    0.119964    
34.700000    0.000000    0.000000    0.072386    0.109922    
34.800000    0.000000    0.000000    0.068742    0.099506    
34.900000    0.000000    0.000000    0.064800    0.088781    
35.000000    0.000000    0.000000    0.060588    0.077817    
35.100000    0.000000    0.000000    0.056138    0.066680    
35.200000    0.000000    0.000000    0.051480    0.055438    
35.300000    0.000000    0.000000    0.046644    0.044156    
35.400000    0.000000    0.000000    0.041664    0.032899    
35.500000    0.000000    0.000000    0.036569    0.021729    
35.600000    0.000000    0.000000    0.031392    0.010708    
35.700000    0.000000    0.000000    0.026164    -0.000107    
35.800000    0.000000    0.000000    0.020915    -0.010659    
35.900000    0.000000    0.000000    0.015676    -0.020896    
36.000000    0.000000    0.000000    0.010475    -0.030768    
36.100000    0.000000    0.000000    0.005342    -0.040227    
36.200000    0.000000    0.000000    0.000302    -0.049231    
36.300000    0.000000    0.000000    -0.004617    -0.057740    
36.400000    0.000000    0.000000    -0.009391    -0.065718    
36.500000    0.000000    0.000000    -0.013997    -0.073133    
36.600000    0.000000    0.000000    -0.018412    -0.079957    
36.700000    0.000000    0.000000    -0.022617    -0.086166    
36.800000    0.000000    0.000000    -0.026593    -0.091740    
36.900000    0.000000    0.000000    -0.030323    -0.096663    
37.000000    0.000000    0.000000    -0.033791    -0.100922    
37.100000    0.000000    0.000000    -0.036986    -0.104511    
37.200000    0.000000    0.000000    -0.039896    -0.107425    
37.300000    0.000000    0.000000    -0.042510    -0.109663    
37.400000    0.000000    0.000000    -0.044822    -0.111231    
37.500000    0.000000    0.000000    -0.046826    -0.112135    
37.600000    0.000000    0.000000    -0.048518    -0.112385    
37.700000    0.000000    0.000000    -0.049896    -0.111998    
37.800000    0.000000    0.000000    -0.050959    -0.110990    
37.900000    0.000000    0.000000    -0.051711    -0.109381    
38.000000    0.000000    0.000000    -0.052153    -0.107197    
38.100000    0.000000    0.000000    -0.052291    -0.104462    
38.200000    0.000000    0.000000    -0.052131    -0.101205    
38.300000    0.000000    0.000000    -0.051682    -0.097458    
38.400000    0.000000    0.000000    -0.050953    -0.093253    
38.500000    0.000000    0.000000    -0.049955    -0.088625    
38.600000    0.000000    0.000000    -0.048701    -0.083611    
38.700000    0.000000    0.000000    -0.047202    -0.078248    
38.800000    0.000000    0.000000    -0.045474    -0.072574    
38.900000    0.000000    0.000000    -0.043533    -0.066630    
39.000000    0.000000    0.000000    -0.041393    -0.060454    
39.100000    0.000000    0.000000    -0.039072    -0.054088    
39.200000    0.000000    0.000000    -0.036588    -0.047572    
39.300000    0.000000    0.000000    -0.033957    -0.040945    
39.400000    0.000000    0.000000    -0.031200    -0.034249    
39.500000    0.000000    0.000000    -0.028334    -0.027523    
39.600000    0.000000    0.000000    -0.025377    -0.020804    
39.700000    0.000000    0.000000    -0.022350    -0.014131    
39.800000    0.000000    0.000000    -0.019270    -0.007540    
39.900000    0.000000    0.000000    -0.016156    -0.001066    
40.000000    0.000000    0.000000    -0.013027    0.005257    
40.100000    0.000000    0.000000    -0.009900    0.011397    
40.200000    0.000000    0.000000    -0.006793    0.017325    
40.300000    0.000000    0.000000    -0.003723    0.023012    
40.400000    0.000000    0.000000    -0.000707    0.028431    
40.500000    0.000000    0.000000    0.002241    0.033559    
40.600000    0.000000    0.000000    0.005104    0.038374    
40.700000    0.000000    0.000000    0.007869    0.042857    
40.800000    0.000000    0.000000    0.010524    0.046990    
40.900000    0.000000    0.000000    0.013054    0.050759    
41.000000    0.000000    0.000000    0.015450    0.054151    
41.100000    0.000000    0.000000    0.017701    0.057155    
41.200000    0.000000    0.000000    0.019798    0.059766    
41.300000    0.000000    0.000000    0.021733    0.061977    
41.400000    0.000000    0.000000    0.023498    0.063786    
41.500000    0.000000    0.000000    0.025089    0.065192    
41.600000    0.000000    0.000000    0.026500    0.066198    
41.700000    0.000000    0.000000    0.027727    0.066806    
41.800000    0.000000    0.000000    0.028769    0.067024    
41.900000    0.000000    0.000000    0.029624    0.066859    
42.000000    0.000000    0.000000    0.030292    0.066323    
42.100000    0.000000    0.000000    0.030773    0.065426    
42.200000    0.000000    0.000000    0.031069    0.064183    
42.300000    0.000000    0.000000    0.031183    0.062608    
42.400000    0.000000    0.000000    0.031119    0.060720    
42.500000    0.000000    0.000000    0.030881    0.058536    
42.600000    0.000000    0.000000    0.030475    0.056075    
42.700000    0.000000    0.000000    0.029908    0.053358    
42.800000    0.000000    0.000000    0.029186    0.050407    
42.900000    0.000000    0.000000    0.028318    0.047244    
43.000000    0.000000    0.000000    0.027311    0.043891    
43.100000    0.000000    0.000000    0.026175    0.040373    
43.200000    0.000000    0.000000    0.024919    0.036713    
43.300000    0.000000    0.000000    0.023553    0.032934    
43.400000    0.000000    0.000000    0.022088    0.029062    
43.500000    0.000000    0.000000    0.020534    0.025121    
43.600000    0.000000    0.000000    0.018902    0.021133    
43.700000    0.000000    0.000000    0.017203    0.017123    
43.800000    0.000000    0.000000    0.015449    0.013114    
43.900000    0.000000    0.000000    0.013650    0.009128    
44.000000    0.000000    0.000000    0.011818    0.005187    
44.100000    0.000000    0.000000    0.009964    0.001312    
44.200000    0.000000    0.000000    0.008099    -0.002476    
44.300000    0.000000    0.000000    0.006233    -0.006158    
44.400000    0.000000    0.000000    0.004377    -0.009717    
44.500000    0.000000    0.000000    0.002542    -0.013135    
44.600000    0.000000    0.000000    0.000737    -0.016396    
44.700000    0.000000    0.000000    -0.001029    -0.019486    
44.800000    0.000000    0.000000    -0.002746    -0.022392    
44.900000    0.000000    0.000000    -0.004406    -0.025101    
45.000000    0.000000    0.000000    -0.006001    -0.027603    
45.100000    0.000000    0.000000    -0.007524    -0.029889    
45.200000    0.000000    0.000000    -0.008967    -0.031952    
45.300000    0.000000    0.000000    -0.010325    -0.033786    
45.400000    0.000000    0.000000    -0.011593    -0.035384    
45.500000    0.000000    0.000000    -0.012764    -0.036745    
45.600000    0.000000    0.000000    -0.013835    -0.037866    
45.700000    0.000000    0.000000    -0.014802    -0.038747    
45.800000    0.000000    0.000000    -0.015663    -0.039389    
45.900000    0.000000    0.000000    -0.016414    -0.039794    
46.000000    0.000000    0.000000    -0.017055    -0.039964    
46.100000    0.000000    0.000000    -0.017585    -0.039906    
46.200000    0.000000    0.000000    -0.018003    -0.039625    
46.300000    0.000000    0.000000    -0.018309    -0.039127    
46.400000    0.000000    0.000000    -0.018505    -0.038422    
46.500000    0.000000    0.000000    -0.018592    -0.037517    
46.600000    0.000000    0.000000    -0.018572    -0.036423    
46.700000    0.000000    0.000000    -0.018449    -0.035151    
46.800000    0.000000    0.000000    -0.018224    -0.033712    
46.900000    0.000000    0.000000    -0.017903    -0.032118    
47.000000    0.000000    0.000000    -0.017488    -0.030382    
47.100000    0.000000    0.000000    -0.016985    -0.028516    
47.200000    0.000000    0.000000    -0.016399    -0.026536    
47.300000    0.000000    0.000000    -0.015735    -0.024454    
47.400000    0.000000    0.000000    -0.014998    -0.022285    
47.500000    0.000000    0.000000    -0.014195    -0.020044    
47.600000    0.000000    0.000000    -0.013331    -0.017743    
47.700000    0.000000    0.000000    -0.012413    -0.015399    
47.800000    0.000000    0.000000    -0.011448    -0.013025    
47.900000    0.000000    0.000000    -0.010441    -0.010635    
48.000000    0.000000    0.000000    -0.009400    -0.008243    
48.100000    0.000000    0.000000    -0.008332    -0.005862    
48.200000    0.000000    0.000000    -0.007242    -0.003506    
48.300000    0.000000    0.000000    -0.006138    -0.001188    
48.400000    0.000000    0.000000    -0.005027    0.001081    
48.500000    0.000000    0.000000    -0.003914    0.003289    
48.600000    0.000000    0.000000    -0.002805    0.005426    
48.700000    0.000000    0.000000    -0.001708    0.007479    
48.800000    0.000000    0.000000    -0.000628    0.009441    
48.900000    0.000000    0.000000    0.000429    0.011303    
49.000000    0.000000    0.000000    0.001459    0.013055    
49.100000    0.000000    0.000000    0.002455    0.014692    
49.200000    0.000000    0.000000    0.003414    0.016207    
49.300000    0.000000    0.000000    0.004330    0.017593    
49.400000    0.000000    0.000000    0.005199    0.018848    
49.500000    0.000000    0.000000    0.006018    0.019965    
49.600000    0.000000    0.000000    0.006784    0.020944    
49.700000    0.000000    0.000000    0.007493    0.021780    
49.800000    0.000000    0.000000    0.008142    0.022474    
49.900000    0.000000    0.000000    0.008730    0.023025    
50.000000    0.000000    0.000000    0.009255    0.023433    
50.100000    0.000000    0.000000    0.009714    0.023699    
50.200000    0.000000    0.000000    0.010108    0.023825    
50.300000    0.000000    0.000000    0.010436    0.023814    
50.400000    0.000000    0.000000    0.010697    0.023670    
50.500000    0.000000    0.000000    0.010891    0.023396    
50.600000    0.000000    0.000000    0.011020    0.022997    
50.700000    0.000000    0.000000    0.011083    0.022478    
50.800000    0.000000    0.000000    0.011082    0.021845    
50.900000    0.000000    0.000000    0.011020    0.021104    
51.000000    0.000000    0.000000    0.010896    0.020263    
51.100000    0.000000    0.000000    0.010715    0.019328    
51.200000    0.000000    0.000000    0.010477    0.018307    
51.300000    0.000000    0.000000    0.010186    0.017208    
51.400000    0.000000    0.000000    0.009845    0.016039    
51.500000    0.000000    0.000000    0.009457    0.014807    
51.600000    0.000000    0.000000    0.009025    0.013522    
51.700000    0.000000    0.000000    0.008553    0.012192    
51.800000    0.000000    0.000000    0.008044    0.010826    
51.900000    0.000000    0.000000    0.007502    0.009432    
52.000000    0.000000    0.000000    0.006931    0.008019    
52.100000    0.000000    0.000000    0.006334    0.006594    
52.200000    0.000000    0.000000    0.005717    0.005167    
52.300000    0.000000    0.000000    0.005082    0.003746    
52.400000    0.000000    0.000000    0.004435    0.002338    
52.500000    0.000000    0.000000    0.003778    0.000951    
52.600000    0.000000    0.000000    0.003115    -0.000408    
52.700000    0.000000    0.000000    0.002451    -0.001732    
52.800000    0.000000    0.000000    0.001789    -0.003014    
52.900000    0.000000    0.000000    0.001134    -0.004248    
53.000000    0.000000    0.000000    0.000488    -0.005428    
53.100000    0.000000    0.000000    -0.000146    -0.006549    
53.200000    0.000000    0.000000    -0.000763    -0.007606    
53.300000    0.000000    0.000000    -0.001361    -0.008595    
53.400000    0.000000    0.000000    -0.001937    -0.009511    
53.500000    0.000000    0.000000    -0.002487    -0.010352    
53.600000    0.000000    0.000000    -0.003011    -0.011114    
53.700000    0.000000    0.000000    -0.003505    -0.011795    
53.800000    0.000000    0.000000    -0.003967    -0.012393    
53.900000    0.000000    0.000000    -0.004396    -0.012907    
54.000000    0.000000    0.000000    -0.004790    -0.013336    
54.100000    0.000000    0.000000    -0.005147    -0.013679    
54.200000    0.000000    0.000000    -0.005467    -0.013938    
54.300000    0.000000    0.000000    -0.005748    -0.014111    
54.400000    0.000000    0.000000    -0.005990    -0.014201    
54.500000    0.000000    0.000000    -0.006192    -0.014209    
54.600000    0.000000    0.000000    -0.006355    -0.014137    
54.700000    0.000000    0.000000    -0.006478    -0.013987    
54.800000    0.000000    0.000000    -0.006561    -0.013762    
54.900000    0.000000    0.000000    -0.006606    -0.013465    
55.000000    0.000000    0.000000    -0.006612    -0.013099    
55.100000    0.000000    0.000000    -0.006581    -0.012668    
55.200000    0.000000    0.000000    -0.006514    -0.012177    
55.300000    0.000000    0.000000    -0.006411    -0.011629    
55.400000    0.000000    0.000000    -0.006275    -0.011029    
55.500000    0.000000    0.000000    -0.006108    -0.010381    
55.600000    0.000000    0.000000    -0.005909    -0.009691    
55.700000    0.000000    0.000000    -0.005683    -0.008963    
55.800000    0.000000    0.000000    -0.005429    -0.008202    
55.900000    0.000000    0.000000    -0.005152    -0.007413    
56.000000    0.000000    0.000000    -0.004852    -0.006602    
56.100000    0.000000    0.000000    -0.004532    -0.005773    
56.200000    0.000000    0.000000    -0.004195    -0.004932    
56.300000    0.000000    0.000000    -0.003841    -0.004083    
56.400000    0.000000    0.000000    -0.003475    -0.003232    
56.500000    0.000000    0.000000    -0.003099    -0.002383    
56.600000    0.000000    0.000000    -0.002713    -0.001542    
56.700000    0.000000    0.000000    -0.002322    -0.000712    
56.800000    0.000000    0.000000    -0.001928    0.000102    
56.900000    0.000000    0.000000    -0.001532    0.000895    
57.000000    0.000000    0.000000    -0.001137    0.001664    
57.100000    0.000000    0.000000    -0.000745    0.002405    
57.200000    0.000000    0.000000    -0.000358    0.003115    
57.300000    0.000000    0.000000    0.000021    0.003790    
57.400000    0.000000    0.000000    0.000391    0.004427    
57.500000    0.000000    0.000000    0.000749    0.005024    
57.600000    0.000000    0.000000    0.001095    0.005579    
57.700000    0.000000    0.000000    0.001426    0.006088    
57.800000    0.000000    0.000000    0.001742    0.006551    
57.900000    0.000000    0.000000    0.002040    0.006966    
58.000000    0.000000    0.000000    0.002319    0.007331    
58.100000    0.000000    0.000000    0.002578    0.007647    
58.200000    0.000000    0.000000    0.002817    0.007911    
58.300000    0.000000    0.000000    0.003033    0.008125    
58.400000    0.000000    0.000000    0.003228    0.008288    
58.500000    0.000000    0.000000    0.003400    0.008401    
58.600000    0.000000    0.000000    0.003548    0.008463    
58.700000    0.000000    0.000000    0.003673    0.008476    
58.800000    0.000000    0.000000    0.003774    0.008442    
58.900000    0.000000    0.000000    0.003852    0.008360    
59.000000    0.000000    0.000000    0.003906    0.008234    
59.100000    0.000000    0.000000    0.003936    0.008064    
59.200000    0.000000    0.000000    0.003944    0.007853    
59.300000    0.000000    0.000000    0.003930    0.007603    
59.400000    0.000000    0.000000    0.003893    0.007316    
59.500000    0.000000    0.000000    0.003836    0.006995    
59.600000    0.000000    0.000000    0.003758    0.006643    
59.700000    0.000000    0.000000    0.003661    0.006261    
59.800000    0.000000    0.000000    0.003546    0.005854    
59.900000    0.000000    0.000000    0.003414    0.005423    
60.000000    0.000000    0.000000    0.003266    0.004973    
60.100000    0.000000    0.000000    0.003103    0.004505    
60.200000    0.000000    0.000000    0.002926    0.004023    
60.300000    0.000000    0.000000    0.002737    0.003531    
60.400000    0.000000    0.000000    0.002538    0.003030    
60.500000    0.000000    0.000000    0.002329    0.002525    
60.600000    0.000000    0.000000    0.002112    0.002017    
60.700000    0.000000    0.000000    0.001888    0.001511    
60.800000    0.000000    0.000000    0.001659    0.001008    
60.900000    0.000000    0.000000    0.001426    0.000512    
61.000000    0.000000    0.000000    0.001191    0.000024    
61.100000    0.000000    0.000000    0.000955    -0.000451    
61.200000    0.000000    0.000000    0.000719    -0.000912    
61.300000    0.000000    0.000000    0.000485    -0.001358    
61.400000    0.000000    0.000000    0.000254    -0.001784    
61.500000    0.000000    0.000000    0.000027    -0.002191    
61.600000    0.000000    0.000000    -0.000194    -0.002575    
61.700000    0.000000    0.000000    -0.000410    -0.002935    
61.800000    0.000000    0.000000    -0.000617    -0.003270    
61.900000    0.000000    0.000000    -0.000816    -0.003579    
62.000000    0.000000    0.000000    -0.001006    -0.003860    
62.100000    0.000000    0.000000    -0.001186    -0.004112    
62.200000    0.000000    0.000000    -0.001354    -0.004336    
62.300000    0.000000    0.000000    -0.001511    -0.004529    
62.400000    0.000000    0.000000    -0.001655    -0.004692    
62.500000    0.000000    0.000000    -0.001787    -0.004825    
62.600000    0.000000    0.000000    -0.001906    -0.004928    
62.700000    0.000000    0.000000    -0.002010    -0.005000    
62.800000    0.000000    0.000000    -0.002101    -0.005043    
62.900000    0.000000    0.000000    -0.002178    -0.005056    
63.000000    0.000000    0.000000    -0.002241    -0.005040    
63.100000    0.000000    0.000000    -0.002290    -0.004996    
63.200000    0.000000    0.000000    -0.002325    -0.004926    
63.300000    0.000000    0.000000    -0.002345    -0.004829    
63.400000    0.000000    0.000000    -0.002352    -0.004707    
63.500000    0.000000    0.000000    -0.002346    -0.004562    
63.600000    0.000000    0.000000    -0.002326    -0.004395    
63.700000    0.000000    0.000000    -0.002294    -0.004207    
63.800000    0.000000    0.000000    -0.002250    -0.004000    
63.900000    0.000000    0.000000    -0.002195    -0.003775    
64.000000    0.000000    0.000000    -0.002128    -0.003535    
64.100000    0.000000    0.000000    -0.002051    -0.003281    
64.200000    0.000000    0.000000    -0.001964    -0.003014    
64.300000    0.000000    0.000000    -0.001868    -0.002737    
64.400000    0.000000    0.000000    -0.001764    -0.002451    
64.500000    0.000000    0.000000    -0.001653    -0.002158    
64.600000    0.000000    0.000000    -0.001535    -0.001860    
64.700000    0.000000    0.000000    -0.001411    -0.001559    
64.800000    0.000000    0.000000    -0.001283    -0.001256    
64.900000    0.000000    0.000000    -0.001150    -0.000954    
65.000000    0.000000    0.000000    -0.001014    -0.000654    
65.100000    0.000000    0.000000    -0.000875    -0.000357    
65.200000    0.000000    0.000000    -0.000735    -0.000065    
65.300000    0.000000    0.000000    -0.000595    0.000219    
65.400000    0.000000    0.000000    -0.000454    0.000496    
65.500000    0.000000    0.000000    -0.000314    0.000763    
65.600000    0.000000    0.000000    -0.000176    0.001020    
65.700000    0.000000    0.000000    -0.000040    0.001265    
65.800000    0.000000    0.000000    0.000093    0.001496    
65.900000    0.000000    0.000000    0.000222    0.001714    
66.000000    0.000000    0.000000    0.000347    0.001916    
66.100000    0.000000    0.000000    0.000466    0.002103    
66.200000    0.000000    0.000000    0.000580    0.002274    
66.300000    0.000000    0.000000    0.000689    0.002427    
66.400000    0.000000    0.000000    0.000790    0.002563    
66.500000    0.000000    0.000000    0.000885    0.002682    
66.600000    0.000000    0.000000    0.000973    0.002782    
66.700000    0.000000    0.000000    0.001052    0.002865    
66.800000    0.000000    0.000000    0.001124    0.002929    
66.900000    0.000000    0.000000    0.001188    0.002976    
67.000000    0.000000    0.000000    0.001244    0.003004    
67.100000    0.000000    0.000000    0.001292    0.003015    
67.200000    0.000000    0.000000    0.001331    0.003009    
67.300000    0.000000    0.000000    0.001361    0.002985    
67.400000    0.000000    0.000000    0.001383    0.002946    
67.500000    0.000000    0.000000    0.001397    0.002891    
67.600000    0.000000    0.000000    0.001403    0.002821    
67.700000    0.000000    0.000000    0.001400    0.002737    
67.800000    0.000000    0.000000    0.001390    0.002640    
67.900000    0.000000    0.000000    0.001372    0.002530    
68.000000    0.000000    0.000000    0.001347    0.002408    
68.100000    0.000000    0.000000    0.001315    0.002276    
68.200000    0.000000    0.000000    0.001276    0.002134    
68.300000    0.000000    0.000000    0.001231    0.001984    
68.400000    0.000000    0.000000    0.001181    0.001826    
68.500000    0.000000    0.000000    0.001125    0.001662    
68.600000    0.000000    0.000000    0.001063    0.001492    
68.700000    0.000000    0.000000    0.000998    0.001318    
68.800000    0.000000    0.000000    0.000928    0.001141    
68.900000    0.000000    0.000000    0.000855    0.000962    
69.000000    0.000000    0.000000    0.000779    0.000781    
69.100000    0.000000    0.000000    0.000700    0.000601    
69.200000    0.000000    0.000000    0.000619    0.000421    
69.300000    0.000000    0.000000    0.000537    0.000244    
69.400000    0.000000    0.000000    0.000453    0.000070    
69.500000    0.000000    0.000000    0.000369    -0.000101    
69.600000    0.000000    0.000000    0.000285    -0.000267    
69.700000    0.000000    0.000000    0.000202    -0.000428    
69.800000    0.000000    0.000000    0.000119    -0.000582    
69.900000    0.000000    0.000000    0.000038    -0.000729    
70.000000    0.000000    0.000000    -0.000042    -0.000868    
70.100000    0.000000    0.000000    -0.000119    -0.001000    
70.200000    0.000000    0.000000    -0.000194    -0.001122    
70.300000    0.000000    0.000000    -0.000266    -0.001235    
70.400000    0.000000    0.000000    -0.000334    -0.001339    
70.500000    0.000000    0.000000    -0.000400    -0.001432    
70.600000    0.000000    0.000000    -0.000461    -0.001515    
70.700000    0.000000    0.000000    -0.000518    -0.001588    
70.800000    0.000000    0.000000    -0.000571    -0.001650    
70.900000    0.000000    0.000000    -0.000620    -0.001701    
71.000000    0.000000    0.000000    -0.000663    -0.001741    
71.100000    0.000000    0.000000    -0.000702    -0.001770    
71.200000    0.000000    0.000000    -0.000736    -0.001789    
71.300000    0.000000    0.000000    -0.000766    -0.001798    
71.400000    0.000000    0.000000    -0.000790    -0.001796    
71.500000    0.000000    0.000000    -0.000809    -0.001784    
71.600000    0.000000    0.000000    -0.000823    -0.001762    
71.700000    0.000000    0.000000    -0.000832    -0.001731    
71.800000    0.000000    0.000000    -0.000836    -0.001690    
71.900000    0.000000    0.000000    -0.000836    -0.001642    
72.000000    0.000000    0.000000    -0.000830    -0.001585    
72.100000    0.000000    0.000000    -0.000821    -0.001521    
72.200000    0.000000    0.000000    -0.000806    -0.001449    
72.300000    0.000000    0.000000    -0.000788    -0.001372    
72.400000    0.000000    0.000000    -0.000766    -0.001288    
72.500000    0.000000    0.000000    -0.000739    -0.001199    
72.600000    0.000000    0.000000    -0.000710    -0.001106    
72.700000    0.000000    0.000000    -0.000677    -0.001009    
72.800000    0.000000    0.000000    -0.000641    -0.000908    
72.900000    0.000000    0.000000    -0.000602    -0.000805    
73.000000    0.000000    0.000000    -0.000561    -0.000699    
73.100000    0.000000    0.000000    -0.000518    -0.000592    
73.200000    0.000000    0.000000    -0.000472    -0.000485    
73.300000    0.000000    0.000000    -0.000426    -0.000377    
73.400000    0.000000    0.000000    -0.000378    -0.000270    
73.500000    0.000000    0.000000    -0.000329    -0.000164    
73.600000    0.000000    0.000000    -0.000279    -0.000060    
73.700000    0.000000    0.000000    -0.000229    0.000043    
73.800000    0.000000    0.000000    -0.000179    0.000142    
73.900000    0.000000    0.000000    -0.000129    0.000238    
74.000000    0.000000    0.000000    -0.000080    0.000331    
74.100000    0.000000    0.000000    -0.000031    0.000419    
74.200000    0.000000    0.000000    0.000016    0.000503    
74.300000    0.000000    0.000000    0.000063    0.000583    
74.400000    0.000000    0.000000    0.000108    0.000657    
74.500000    0.000000    0.000000    0.000151    0.000725    
74.600000    0.000000    0.000000    0.000192    0.000788    
74.700000    0.000000    0.000000    0.000232    0.000845    
74.800000    0.000000    0.000000    0.000269    0.000895    
74.900000    0.000000    0.000000    0.000303    0.000940    
75.000000    0.000000    0.000000    0.000335    0.000978    
75.100000    0.000000    0.000000    0.000365    0.001009    
75.200000    0.000000    0.000000    0.000391    0.001034    
75.300000    0.000000    0.000000    0.000415    0.001053    
75.400000    0.000000    0.000000    0.000436    0.001066    
75.500000    0.000000    0.000000    0.000454    0.001072    
75.600000    0.000000    0.000000    0.000469    0.001071    
75.700000    0.000000    0.000000    0.000481    0.001065    
75.800000    0.000000    0.000000    0.000489    0.001053    
75.900000    0.000000    0.000000    0.000495    0.001036    
76.000000    0.000000    0.000000    0.000498    0.001013    
76.100000    0.000000    0.000000    0.000499    0.000985    
76.200000    0.000000    0.000000    0.000496    0.000952    
76.300000    0.000000    0.000000    0.000491    0.000914    
76.400000    0.000000    0.000000    0.000483    0.000872    
76.500000    0.000000    0.000000    0.000472    0.000826    
76.600000    0.000000    0.000000    0.000459    0.000777    
76.700000    0.000000    0.000000    0.000444    0.000725    
76.800000    0.000000    0.000000    0.000427    0.000670    
76.900000    0.000000    0.000000    0.000407    0.000612    
77.000000    0.000000    0.000000    0.000386    0.000552    
77.100000    0.000000    0.000000    0.000363    0.000491    
77.200000    0.000000    0.000000    0.000339    0.000428    
77.300000    0.000000    0.000000    0.000313    0.000365    
77.400000    0.000000    0.000000    0.000287    0.000301    
77.500000    0.000000    0.000000    0.000259    0.000236    
77.600000    0.000000    0.000000    0.000230    0.000172    
77.700000    0.000000    0.000000    0.000201    0.000109    
77.800000    0.000000    0.000000    0.000172    0.000047    
77.900000    0.000000    0.000000    0.000142    -0.000015    
78.000000    0.000000    0.000000    0.000112    -0.000074    
78.100000    0.000000    0.000000    0.000082    -0.000132    
78.200000    0.000000    0.000000    0.000053    -0.000188    
78.300000    0.000000    0.000000    0.000024    -0.000241    
78.400000    0.000000    0.000000    -0.000005    -0.000292    
78.500000    0.000000    0.000000    -0.000033    -0.000339    
78.600000    0.000000    0.000000    -0.000060    -0.000384    
78.700000    0.000000    0.000000    -0.000086    -0.000425    
78.800000    0.000000    0.000000    -0.000110    -0.000463    
78.900000    0.000000    0.000000    -0.000134    -0.000498    
79.000000    0.000000    0.000000    -0.000156    -0.000529    
79.100000    0.000000    0.000000    -0.000177    -0.000556    
79.200000    0.000000    0.000000    -0.000197    -0.000579    
79.300000    0.000000    0.000000    -0.000214    -0.000599    
79.400000    0.000000    0.000000    -0.000231    -0.000615    
79.500000    0.000000    0.000000    -0.000245    -0.000626    
79.600000    0.000000    0.000000    -0.000258    -0.000634    
79.700000    0.000000    0.000000    -0.000269    -0.000639    
79.800000    0.000000    0.000000    -0.000278    -0.000639    
79.900000    0.000000    0.000000    -0.000285    -0.000636    
80.000000    0.000000    0.000000    -0.000291    -0.000630    
80.100000    0.000000    0.000000    -0.000295    -0.000620    
80.200000    0.000000    0.000000    -0.000297    -0.000607    
80.300000    0.000000    0.000000    -0.000297    -0.000590    
80.400000    0.000000    0.000000    -0.000296    -0.000571    
80.500000    0.000000    0.000000    -0.000293    -0.000549    
80.600000    0.000000    0.000000    -0.000289    -0.000525    
80.700000    0.000000    0.000000    -0.000283    -0.000498    
80.800000    0.000000    0.000000    -0.000275    -0.000469    
80.900000    0.000000    0.000000    -0.000266    -0.000438    
81.000000    0.000000    0.000000    -0.000256    -0.000405    
81.100000    0.000000    0.000000    -0.000245    -0.000371    
81.200000    0.000000    0.000000    -0.000233    -0.000336    
81.300000    0.000000    0.000000    -0.000219    -0.000299    
81.400000    0.000000    0.000000    -0.000205    -0.000262    
81.500000    0.000000    0.000000    -0.000190    -0.000224    
81.600000    0.000000    0.000000    -0.000174    -0.000186    
81.700000    0.000000    0.000000    -0.000157    -0.000148    
81.800000    0.000000    0.000000    -0.000140    -0.000110    
81.900000    0.000000    0.000000    -0.000123    -0.000072    
82.000000    0.000000    0.000000    -0.000106    -0.000034    
82.100000    0.000000    0.000000    -0.000088    0.000002    
82.200000    0.000000    0.000000    -0.000070    0.000038    
82.300000    0.000000    0.000000    -0.000052    0.000073    
82.400000    0.000000    0.000000    -0.000035    0.000106    
82.500000    0.000000    0.000000    -0.000017    0.000138    
82.600000    0.000000    0.000000    -0.000000    0.000169    
82.700000    0.000000    0.000000    0.000017    0.000197    
82.800000    0.000000    0.000000    0.000033    0.000224    
82.900000    0.000000    0.000000    0.000048    0.000249    
83.000000    0.000000    0.000000    0.000063    0.000273    
83.100000    0.000000    0.000000    0.000078    0.000293    
83.200000    0.000000    0.000000    0.000091    0.000312    
83.300000    0.000000    0.000000    0.000104    0.000329    
83.400000    0.000000    0.000000    0.000115    0.000343    
83.500000    0.000000    0.000000    0.000126    0.000355    
83.600000    0.000000    0.000000    0.000136    0.000365    
83.700000    0.000000    0.000000    0.000145    0.000372    
83.800000    0.000000    0.000000    0.000152    0.000378    
83.900000    0.000000    0.000000    0.000159    0.000381    
84.000000    0.000000    0.000000    0.000165    0.000381    
84.100000    0.000000    0.000000    0.000170    0.000380    
84.200000    0.000000    0.000000    0.000173    0.000376    
84.300000    0.000000    0.000000    0.000176    0.000371    
84.400000    0.000000    0.000000    0.000177    0.000363    
84.500000    0.000000    0.000000    0.000177    0.000354    
84.600000    0.000000    0.000000    0.000177    0.000343    
84.700000    0.000000    0.000000    0.000175    0.000330    
84.800000    0.000000    0.000000    0.000173    0.000316    
84.900000    0.000000    0.000000    0.000169    0.000300    
85.000000    0.000000    0.000000    0.000165    0.000283    
85.100000    0.000000    0.000000    0.000160    0.000264    
85.200000    0.000000    0.000000    0.000154    0.000245    
85.300000    0.000000    0.000000    0.000147    0.000225    
85.400000    0.000000    0.000000    0.000140    0.000204    
85.500000    0.000000    0.000000    0.000132    0.000182    
85.600000    0.000000    0.000000    0.000124    0.000160    
85.700000    0.000000    0.000000    0.000115    0.000138    
85.800000    0.000000    0.000000    0.000105    0.000115    
85.900000    0.000000    0.000000    0.000096    0.000092    
86.000000    0.000000    0.000000    0.000086    0.000069    
86.100000    0.000000    0.000000    0.000075    0.000047    
86.200000    0.000000    0.000000    0.000065    0.000024    
86.300000    0.000000    0.000000    0.000054    0.000002    
86.400000    0.000000    0.000000    0.000044    -0.000019    
86.500000    0.000000    0.000000    0.000033    -0.000040    
86.600000    0.000000    0.000000    0.000022    -0.000060    
86.700000    0.000000    0.000000    0.000012    -0.000079    
86.800000    0.000000    0.000000    0.000002    -0.000097    
86.900000    0.000000    0.000000    -0.000008    -0.000115    
87.000000    0.000000    0.000000    -0.000018    -0.000131    
87.100000    0.000000    0.000000    -0.000027    -0.000146    
87.200000    0.000000    0.000000    -0.000036    -0.000160    
87.300000    0.000000    0.000000    -0.000045    -0.000173    
87.400000    0.000000    0.000000    -0.000053    -0.000184    
87.500000    0.000000    0.000000    -0.000060    -0.000194    
87.600000    0.000000    0.000000    -0.000068    -0.000203    
87.700000    0.000000    0.000000    -0.000074    -0.000211    
87.800000    0.000000    0.000000    -0.000080    -0.000217    
87.900000    0.000000    0.000000    -0.000085    -0.000221    
88.000000    0.000000    0.000000    -0.000090    -0.000225    
88.100000    0.000000    0.000000    -0.000094    -0.000227    
88.200000    0.000000    0.000000    -0.000098    -0.000227    
88.300000    0.000000    0.000000    -0.000101    -0.000227    
88.400000    0.000000    0.000000    -0.000103    -0.000225    
88.500000    0.000000    0.000000    -0.000104    -0.000222    
88.600000    0.000000    0.000000    -0.000105    -0.000218    
88.700000    0.000000    0.000000    -0.000106    -0.000212    
88.800000    0.000000    0.000000    -0.000106    -0.000206    
88.900000    0.000000    0.000000    -0.000105    -0.000198    
89.000000    0.000000    0.000000    -0.000103    -0.000190    
89.100000    0.000000    0.000000    -0.000101    -0.000181    
89.200000    0.000000    0.000000    -0.000099    -0.000170    
89.300000    0.000000    0.000000    -0.000096    -0.000160    
89.400000    0.000000    0.000000    -0.000092    -0.000148    
89.500000    0.000000    0.000000    -0.000089    -0.000136    
89.600000    0.000000    0.000000    -0.000084    -0.000124    
89.700000    0.000000    0.000000    -0.000080    -0.000111    
89.800000    0.000000    0.000000    -0.000075    -0.000098    
89.900000    0.000000    0.000000    -0.000069    -0.000084    
90.000000    0.000000    0.000000    -0.000064    -0.000071    
90.100000    0.000000    0.000000    -0.000058    -0.000057    
90.200000    0.000000    0.000000    -0.000052    -0.000044    
90.300000    0.000000    0.000000    -0.000046    -0.000030    
90.400000    0.000000    0.000000    -0.000040    -0.000017    
90.500000    0.000000    0.000000    -0.000033    -0.000004    
90.600000    0.000000    0.000000    -0.000027    0.000009    
90.700000    0.000000    0.000000    -0.000021    0.000022    
90.800000    0.000000    0.000000    -0.000015    0.000034    
90.900000    0.000000    0.000000    -0.000008    0.000045    
91.000000    0.000000    0.000000    -0.000002    0.000056    
91.100000    0.000000    0.000000    0.000004    0.000067    
91.200000    0.000000    0.000000    0.000010    0.000077    
91.300000    0.000000    0.000000    0.000015    0.000086    
91.400000    0.000000    0.000000    0.000021    0.000094    
91.500000    0.000000    0.000000    0.000026    0.000102    
91.600000    0.000000    0.000000    0.000031    0.000109    
91.700000    0.000000    0.000000    0.000035    0.000115    
91.800000    0.000000    0.000000    0.000040    0.000120    
91.900000    0.000000    0.000000    0.000044    0.000125    
92.000000    0.000000    0.000000    0.000047    0.000129    
92.100000    0.000000    0.000000    0.000050    0.000132    
92.200000    0.000000    0.000000    0.000053    0.000134    
92.300000    0.000000    0.000000    0.000056    0.000135    
92.400000    0.000000    0.000000    0.000058    0.000136    
92.500000    0.000000    0.000000    0.000060    0.000135    
92.600000    0.000000    0.000000    0.000061    0.000134    
92.700000    0.000000    0.000000    0.000062    0.000133    
92.800000    0.000000    0.000000    0.000063    0.000130    
92.900000    0.000000    0.000000    0.000063    0.000127    
93.000000    0.000000    0.000000    0.000063    0.000123    
93.100000    0.000000    0.000000    0.000063    0.000119    
93.200000    0.000000    0.000000    0.000062    0.000114    
93.300000    0.000000    0.000000    0.000061    0.000109    
93.400000    0.000000    0.000000    0.000059    0.000103    
93.500000    0.000000    0.000000    0.000058    0.000096    
93.600000    0.000000    0.000000    0.000056    0.000090    
93.700000    0.000000    0.000000    0.000053    0.000083    
93.800000    0.000000    0.000000    0.000051    0.000075    
93.900000    0.000000    0.000000    0.000048    0.000068    
94.000000    0.000000    0.000000    0.000045    0.000060    
94.100000    0.000000    0.000000    0.000042    0.000052    
94.200000    0.000000    0.000000    0.000039    0.000044    
94.300000    0.000000    0.000000    0.000035    0.000036    
94.400000    0.000000    0.000000    0.000032    0.000028    
94.500000    0.000000    0.000000    0.000028    0.000019    
94.600000    0.000000    0.000000    0.000024    0.000011    
94.700000    0.000000    0.000000    0.000021    0.000004    
94.800000    0.000000    0.000000    0.000017    -0.000004    
94.900000    0.000000    0.000000    0.000013    -0.000012    
95.000000    0.000000    0.000000    0.000009    -0.000019    
95.100000    0.000000    0.000000    0.000006    -0.000026    
95.200000    0.000000    0.000000    0.000002    -0.000032    
95.300000    0.000000    0.000000    -0.000002    -0.000039    
95.400000    0.000000    0.000000    -0.000005    -0.000045    
95.500000    0.000000    0.000000    -0.000009    -0.000050    
95.600000    0.000000    0.000000    -0.000012    -0.000055    
95.700000    0.000000    0.000000    -0.000015    -0.000060    
95.800000    0.000000    0.000000    -0.000018    -0.000064    
95.900000    0.000000    0.000000    -0.000021    -0.000068    
96.000000    0.000000    0.000000    -0.000023    -0.000071    
96.100000    0.000000    0.000000    -0.000026    -0.000074    
96.200000    0.000000    0.000000    -0.000028    -0.000076    
96.300000    0.000000    0.000000    -0.000030    -0.000078    
96.400000    0.000000    0.000000    -0.000031    -0.000080    
96.500000    0.000000    0.000000    -0.000033    -0.000080    
96.600000    0.000000    0.000000    -0.000034    -0.000081    
96.700000    0.000000    0.000000    -0.000035    -0.000081    
96.800000    0.000000    0.000000    -0.000036    -0.000080    
96.900000    0.000000    0.000000    -0.000037    -0.000079    
97.000000    0.000000    0.000000    -0.000037    -0.000078    
97.100000    0.000000    0.000000    -0.000038    -0.000076    
97.200000    0.000000    0.000000    -0.000038    -0.000074    
97.300000    0.000000    0.000000    -0.000037    -0.000071    
97.400000    0.000000    0.000000    -0.000037    -0.000069    
97.500000    0.000000    0.000000    -0.000036    -0.000065    
97.600000    0.000000    0.000000    -0.000036    -0.000062    
97.700000    0.000000    0.000000    -0.000035    -0.000058    
97.800000    0.000000    0.000000    -0.000033    -0.000054    
97.900000    0.000000    0.000000    -0.000032    -0.000050    
98.000000    0.000000    0.000000    -0.000031    -0.000046    
98.100000    0.000000    0.000000    -0.000029    -0.000041    
98.200000    0.000000    0.000000    -0.000027    -0.000036    
98.300000    0.000000    0.000000    -0.000025    -0.000032    
98.400000    0.000000    0.000000    -0.000023    -0.000027    
98.500000    0.000000    0.000000    -0.000021    -0.000022    
98.600000    0.000000    0.000000    -0.000019    -0.000017    
98.700000    0.000000    0.000000    -0.000017    -0.000012    
98.800000    0.000000    0.000000    -0.000015    -0.000008    
98.900000    0.000000    0.000000    -0.000013    -0.000003    
99.000000    0.000000    0.000000    -0.000010    0.000002    
99.100000    0.000000    0.000000    -0.000008    0.000006    
99.200000    0.000000    0.000000    -0.000006    0.000010    
99.300000    0.000000    0.000000    -0.000004    0.000015    
99.400000    0.000000    0.000000    -0.000002    0.000019    
99.500000    0.000000    0.000000    0.000001    0.000022    
99.600000    0.000000    0.000000    0.000003    0.000026    
99.700000    0.000000    0.000000    0.000005    0.000029    
99.800000    0.000000    0.000000    0.000007    0.000032    
99.900000    0.000000    0.000000    0.000009    0.000035    
