0.000000    |  0.000000   
0.100000    |  0.904775   
0.200000    |  1.636889   
0.300000    |  2.219808   
0.400000    |  2.673542   
0.500000    |  3.015178   
0.600000    |  3.259361   
0.700000    |  3.418699   
0.800000    |  3.504105   
0.900000    |  3.525070   
1.000000    |  3.489902   
1.100000    |  3.405920   
1.200000    |  3.279611   
1.300000    |  3.116766   
1.400000    |  2.922590   
1.500000    |  2.701788   
1.600000    |  2.458643   
1.700000    |  2.197075   
1.800000    |  1.920686   
1.900000    |  1.632807   
2.000000    |  1.336523   
2.100000    |  1.034699   
2.200000    |  0.730006   
2.300000    |  0.424926   
2.400000    |  0.121776   
2.500000    |  -0.177293   
2.600000    |  -0.470283   
2.700000    |  -0.755344   
2.800000    |  -1.030773   
2.900000    |  -1.295009   
3.000000    |  -1.546630   
3.100000    |  -1.784355   
3.200000    |  -2.007038   
3.300000    |  -2.213668   
3.400000    |  -2.403370   
3.500000    |  -2.575402   
3.600000    |  -2.729151   
3.700000    |  -2.864135   
3.800000    |  -2.979999   
3.900000    |  -3.076511   
4.000000    |  -3.153561   
4.100000    |  -3.211157   
4.200000    |  -3.249422   
4.300000    |  -3.268586   
4.400000    |  -3.268988   
4.500000    |  -3.251064   
4.600000    |  -3.215347   
4.700000    |  -3.162457   
4.800000    |  -3.093101   
4.900000    |  -3.008058   
5.000000    |  -2.908182   
5.100000    |  -2.794389   
5.200000    |  -2.667650   
5.300000    |  -2.528990   
5.400000    |  -2.379474   
5.500000    |  -2.220204   
5.600000    |  -2.052309   
5.700000    |  -1.876942   
5.800000    |  -1.695268   
5.900000    |  -1.508462   
6.000000    |  -1.317697   
6.100000    |  -1.124141   
6.200000    |  -0.928952   
6.300000    |  -0.733265   
6.400000    |  -0.538193   
6.500000    |  -0.344819   
6.600000    |  -0.154189   
6.700000    |  0.032691   
6.800000    |  0.214861   
6.900000    |  0.391410   
7.000000    |  0.561480   
7.100000    |  0.724273   
7.200000    |  0.879048   
7.300000    |  1.025129   
7.400000    |  1.161905   
7.500000    |  1.288831   
7.600000    |  1.405432   
7.700000    |  1.511301   
7.800000    |  1.606104   
7.900000    |  1.689574   
8.000000    |  1.761516   
8.100000    |  1.821806   
8.200000    |  1.870385   
8.300000    |  1.907264   
8.400000    |  1.932519   
8.500000    |  1.946289   
8.600000    |  1.948774   
8.700000    |  1.940235   
8.800000    |  1.920986   
8.900000    |  1.891395   
9.000000    |  1.851878   
9.100000    |  1.802899   
9.200000    |  1.744961   
9.300000    |  1.678608   
9.400000    |  1.604418   
9.500000    |  1.522996   
9.600000    |  1.434977   
9.700000    |  1.341016   
9.800000    |  1.241784   
9.900000    |  1.137968   
10.000000    |  1.030263   
10.100000    |  0.919370   
10.200000    |  0.805988   
10.300000    |  0.690817   
10.400000    |  0.574548   
10.500000    |  0.457862   
10.600000    |  0.341425   
10.700000    |  0.225886   
10.800000    |  0.111874   
10.900000    |  -0.000007   
11.000000    |  -0.109179   
11.100000    |  -0.215094   
11.200000    |  -0.317233   
11.300000    |  -0.415114   
11.400000    |  -0.508290   
11.500000    |  -0.596350   
11.600000    |  -0.678922   
11.700000    |  -0.755675   
11.800000    |  -0.826318   
11.900000    |  -0.890600   
12.000000    |  -0.948316   
12.100000    |  -0.999298   
12.200000    |  -1.043424   
12.300000    |  -1.080610   
12.400000    |  -1.110815   
12.500000    |  -1.134040   
12.600000    |  -1.150321   
12.700000    |  -1.159736   
12.800000    |  -1.162398   
12.900000    |  -1.158455   
13.000000    |  -1.148089   
13.100000    |  -1.131515   
13.200000    |  -1.108976   
13.300000    |  -1.080742   
13.400000    |  -1.047112   
13.500000    |  -1.008405   
13.600000    |  -0.964961   
13.700000    |  -0.917139   
13.800000    |  -0.865315   
13.900000    |  -0.809878   
14.000000    |  -0.751226   
14.100000    |  -0.689767   
14.200000    |  -0.625916   
14.300000    |  -0.560089   
14.400000    |  -0.492704   
14.500000    |  -0.424179   
14.600000    |  -0.354927   
14.700000    |  -0.285354   
14.800000    |  -0.215861   
14.900000    |  -0.146835   
15.000000    |  -0.078655   
15.100000    |  -0.011683   
15.200000    |  0.053733   
15.300000    |  0.117262   
15.400000    |  0.178594   
15.500000    |  0.237436   
15.600000    |  0.293517   
15.700000    |  0.346588   
15.800000    |  0.396425   
15.900000    |  0.442824   
16.000000    |  0.485609   
16.100000    |  0.524625   
16.200000    |  0.559744   
16.300000    |  0.590864   
16.400000    |  0.617906   
16.500000    |  0.640817   
16.600000    |  0.659567   
16.700000    |  0.674152   
16.800000    |  0.684591   
16.900000    |  0.690925   
17.000000    |  0.693219   
17.100000    |  0.691556   
17.200000    |  0.686043   
17.300000    |  0.676803   
17.400000    |  0.663979   
17.500000    |  0.647730   
17.600000    |  0.628230   
17.700000    |  0.605667   
17.800000    |  0.580243   
17.900000    |  0.552169   
18.000000    |  0.521669   
18.100000    |  0.488972   
18.200000    |  0.454315   
18.300000    |  0.417942   
18.400000    |  0.380097   
18.500000    |  0.341031   
18.600000    |  0.300991   
18.700000    |  0.260228   
18.800000    |  0.218987   
18.900000    |  0.177513   
19.000000    |  0.136044   
19.100000    |  0.094814   
19.200000    |  0.054049   
19.300000    |  0.013967   
19.400000    |  -0.025224   
19.500000    |  -0.063323   
19.600000    |  -0.100144   
19.700000    |  -0.135509   
19.800000    |  -0.169256   
19.900000    |  -0.201234   
20.000000    |  -0.231304   
20.100000    |  -0.259346   
20.200000    |  -0.285249   
20.300000    |  -0.308920   
20.400000    |  -0.330280   
20.500000    |  -0.349264   
20.600000    |  -0.365823   
20.700000    |  -0.379924   
20.800000    |  -0.391545   
20.900000    |  -0.400681   
21.000000    |  -0.407343   
21.100000    |  -0.411550   
21.200000    |  -0.413341   
21.300000    |  -0.412762   
21.400000    |  -0.409875   
21.500000    |  -0.404752   
21.600000    |  -0.397476   
21.700000    |  -0.388139   
21.800000    |  -0.376845   
21.900000    |  -0.363703   
22.000000    |  -0.348834   
22.100000    |  -0.332362   
22.200000    |  -0.314419   
22.300000    |  -0.295141   
22.400000    |  -0.274669   
22.500000    |  -0.253148   
22.600000    |  -0.230723   
22.700000    |  -0.207543   
22.800000    |  -0.183757   
22.900000    |  -0.159513   
23.000000    |  -0.134958   
23.100000    |  -0.110238   
23.200000    |  -0.085497   
23.300000    |  -0.060874   
23.400000    |  -0.036505   
23.500000    |  -0.012520   
23.600000    |  0.010955   
23.700000    |  0.033799   
23.800000    |  0.055900   
23.900000    |  0.077152   
24.000000    |  0.097454   
24.100000    |  0.116717   
24.200000    |  0.134857   
24.300000    |  0.151799   
24.400000    |  0.167476   
24.500000    |  0.181832   
24.600000    |  0.194816   
24.700000    |  0.206391   
24.800000    |  0.216524   
24.900000    |  0.225193   
25.000000    |  0.232385   
25.100000    |  0.238096   
25.200000    |  0.242328   
25.300000    |  0.245095   
25.400000    |  0.246416   
25.500000    |  0.246318   
25.600000    |  0.244837   
25.700000    |  0.242014   
25.800000    |  0.237898   
25.900000    |  0.232543   
26.000000    |  0.226009   
26.100000    |  0.218361   
26.200000    |  0.209671   
26.300000    |  0.200011   
26.400000    |  0.189459   
26.500000    |  0.178097   
26.600000    |  0.166009   
26.700000    |  0.153278   
26.800000    |  0.139994   
26.900000    |  0.126244   
27.000000    |  0.112116   
27.100000    |  0.097699   
27.200000    |  0.083082   
27.300000    |  0.068352   
27.400000    |  0.053593   
27.500000    |  0.038890   
27.600000    |  0.024325   
27.700000    |  0.009975   
27.800000    |  -0.004083   
27.900000    |  -0.017778   
28.000000    |  -0.031042   
28.100000    |  -0.043809   
28.200000    |  -0.056021   
28.300000    |  -0.067622   
28.400000    |  -0.078562   
28.500000    |  -0.088795   
28.600000    |  -0.098280   
28.700000    |  -0.106983   
28.800000    |  -0.114873   
28.900000    |  -0.121925   
29.000000    |  -0.128121   
29.100000    |  -0.133446   
29.200000    |  -0.137892   
29.300000    |  -0.141453   
29.400000    |  -0.144133   
29.500000    |  -0.145937   
29.600000    |  -0.146876   
29.700000    |  -0.146966   
29.800000    |  -0.146227   
29.900000    |  -0.144683   
30.000000    |  -0.142362   
30.100000    |  -0.139296   
30.200000    |  -0.135521   
30.300000    |  -0.131075   
30.400000    |  -0.125999   
30.500000    |  -0.120337   
30.600000    |  -0.114135   
30.700000    |  -0.107441   
30.800000    |  -0.100305   
30.900000    |  -0.092777   
31.000000    |  -0.084909   
31.100000    |  -0.076755   
31.200000    |  -0.068365   
31.300000    |  -0.059794   
31.400000    |  -0.051095   
31.500000    |  -0.042318   
31.600000    |  -0.033516   
31.700000    |  -0.024738   
31.800000    |  -0.016034   
31.900000    |  -0.007450   
32.000000    |  0.000967   
32.100000    |  0.009176   
32.200000    |  0.017134   
32.300000    |  0.024803   
32.400000    |  0.032147   
32.500000    |  0.039132   
32.600000    |  0.045728   
32.700000    |  0.051907   
32.800000    |  0.057644   
32.900000    |  0.062918   
33.000000    |  0.067710   
33.100000    |  0.072005   
33.200000    |  0.075791   
33.300000    |  0.079059   
33.400000    |  0.081803   
33.500000    |  0.084020   
33.600000    |  0.085711   
33.700000    |  0.086879   
33.800000    |  0.087529   
33.900000    |  0.087672   
34.000000    |  0.087317   
34.100000    |  0.086480   
34.200000    |  0.085177   
34.300000    |  0.083426   
34.400000    |  0.081248   
34.500000    |  0.078665   
34.600000    |  0.075703   
34.700000    |  0.072386   
34.800000    |  0.068742   
34.900000    |  0.064800   
35.000000    |  0.060588   
35.100000    |  0.056138   
35.200000    |  0.051480   
35.300000    |  0.046644   
35.400000    |  0.041664   
35.500000    |  0.036569   
35.600000    |  0.031392   
35.700000    |  0.026164   
35.800000    |  0.020915   
35.900000    |  0.015676   
36.000000    |  0.010475   
36.100000    |  0.005342   
36.200000    |  0.000302   
36.300000    |  -0.004617   
36.400000    |  -0.009391   
36.500000    |  -0.013997   
36.600000    |  -0.018412   
36.700000    |  -0.022617   
36.800000    |  -0.026593   
36.900000    |  -0.030323   
37.000000    |  -0.033791   
37.100000    |  -0.036986   
37.200000    |  -0.039896   
37.300000    |  -0.042510   
37.400000    |  -0.044822   
37.500000    |  -0.046826   
37.600000    |  -0.048518   
37.700000    |  -0.049896   
37.800000    |  -0.050959   
37.900000    |  -0.051711   
38.000000    |  -0.052153   
38.100000    |  -0.052291   
38.200000    |  -0.052131   
38.300000    |  -0.051682   
38.400000    |  -0.050953   
38.500000    |  -0.049955   
38.600000    |  -0.048701   
38.700000    |  -0.047202   
38.800000    |  -0.045474   
38.900000    |  -0.043533   
39.000000    |  -0.041393   
39.100000    |  -0.039072   
39.200000    |  -0.036588   
39.300000    |  -0.033957   
39.400000    |  -0.031200   
39.500000    |  -0.028334   
39.600000    |  -0.025377   
39.700000    |  -0.022350   
39.800000    |  -0.019270   
39.900000    |  -0.016156   
40.000000    |  -0.013027   
40.100000    |  -0.009900   
40.200000    |  -0.006793   
40.300000    |  -0.003723   
40.400000    |  -0.000707   
40.500000    |  0.002241   
40.600000    |  0.005104   
40.700000    |  0.007869   
40.800000    |  0.010524   
40.900000    |  0.013054   
41.000000    |  0.015450   
41.100000    |  0.017701   
41.200000    |  0.019798   
41.300000    |  0.021733   
41.400000    |  0.023498   
41.500000    |  0.025089   
41.600000    |  0.026500   
41.700000    |  0.027727   
41.800000    |  0.028769   
41.900000    |  0.029624   
42.000000    |  0.030292   
42.100000    |  0.030773   
42.200000    |  0.031069   
42.300000    |  0.031183   
42.400000    |  0.031119   
42.500000    |  0.030881   
42.600000    |  0.030475   
42.700000    |  0.029908   
42.800000    |  0.029186   
42.900000    |  0.028318   
43.000000    |  0.027311   
43.100000    |  0.026175   
43.200000    |  0.024919   
43.300000    |  0.023553   
43.400000    |  0.022088   
43.500000    |  0.020534   
43.600000    |  0.018902   
43.700000    |  0.017203   
43.800000    |  0.015449   
43.900000    |  0.013650   
44.000000    |  0.011818   
44.100000    |  0.009964   
44.200000    |  0.008099   
44.300000    |  0.006233   
44.400000    |  0.004377   
44.500000    |  0.002542   
44.600000    |  0.000737   
44.700000    |  -0.001029   
44.800000    |  -0.002746   
44.900000    |  -0.004406   
45.000000    |  -0.006001   
45.100000    |  -0.007524   
45.200000    |  -0.008967   
45.300000    |  -0.010325   
45.400000    |  -0.011593   
45.500000    |  -0.012764   
45.600000    |  -0.013835   
45.700000    |  -0.014802   
45.800000    |  -0.015663   
45.900000    |  -0.016414   
46.000000    |  -0.017055   
46.100000    |  -0.017585   
46.200000    |  -0.018003   
46.300000    |  -0.018309   
46.400000    |  -0.018505   
46.500000    |  -0.018592   
46.600000    |  -0.018572   
46.700000    |  -0.018449   
46.800000    |  -0.018224   
46.900000    |  -0.017903   
47.000000    |  -0.017488   
47.100000    |  -0.016985   
47.200000    |  -0.016399   
47.300000    |  -0.015735   
47.400000    |  -0.014998   
47.500000    |  -0.014195   
47.600000    |  -0.013331   
47.700000    |  -0.012413   
47.800000    |  -0.011448   
47.900000    |  -0.010441   
48.000000    |  -0.009400   
48.100000    |  -0.008332   
48.200000    |  -0.007242   
48.300000    |  -0.006138   
48.400000    |  -0.005027   
48.500000    |  -0.003914   
48.600000    |  -0.002805   
48.700000    |  -0.001708   
48.800000    |  -0.000628   
48.900000    |  0.000429   
49.000000    |  0.001459   
49.100000    |  0.002455   
49.200000    |  0.003414   
49.300000    |  0.004330   
49.400000    |  0.005199   
49.500000    |  0.006018   
49.600000    |  0.006784   
49.700000    |  0.007493   
49.800000    |  0.008142   
49.900000    |  0.008730   
50.000000    |  0.009255   
50.100000    |  0.009714   
50.200000    |  0.010108   
50.300000    |  0.010436   
50.400000    |  0.010697   
50.500000    |  0.010891   
50.600000    |  0.011020   
50.700000    |  0.011083   
50.800000    |  0.011082   
50.900000    |  0.011020   
51.000000    |  0.010896   
51.100000    |  0.010715   
51.200000    |  0.010477   
51.300000    |  0.010186   
51.400000    |  0.009845   
51.500000    |  0.009457   
51.600000    |  0.009025   
51.700000    |  0.008553   
51.800000    |  0.008044   
51.900000    |  0.007502   
52.000000    |  0.006931   
52.100000    |  0.006334   
52.200000    |  0.005717   
52.300000    |  0.005082   
52.400000    |  0.004435   
52.500000    |  0.003778   
52.600000    |  0.003115   
52.700000    |  0.002451   
52.800000    |  0.001789   
52.900000    |  0.001134   
53.000000    |  0.000488   
53.100000    |  -0.000146   
53.200000    |  -0.000763   
53.300000    |  -0.001361   
53.400000    |  -0.001937   
53.500000    |  -0.002487   
53.600000    |  -0.003011   
53.700000    |  -0.003505   
53.800000    |  -0.003967   
53.900000    |  -0.004396   
54.000000    |  -0.004790   
54.100000    |  -0.005147   
54.200000    |  -0.005467   
54.300000    |  -0.005748   
54.400000    |  -0.005990   
54.500000    |  -0.006192   
54.600000    |  -0.006355   
54.700000    |  -0.006478   
54.800000    |  -0.006561   
54.900000    |  -0.006606   
55.000000    |  -0.006612   
55.100000    |  -0.006581   
55.200000    |  -0.006514   
55.300000    |  -0.006411   
55.400000    |  -0.006275   
55.500000    |  -0.006108   
55.600000    |  -0.005909   
55.700000    |  -0.005683   
55.800000    |  -0.005429   
55.900000    |  -0.005152   
56.000000    |  -0.004852   
56.100000    |  -0.004532   
56.200000    |  -0.004195   
56.300000    |  -0.003841   
56.400000    |  -0.003475   
56.500000    |  -0.003099   
56.600000    |  -0.002713   
56.700000    |  -0.002322   
56.800000    |  -0.001928   
56.900000    |  -0.001532   
57.000000    |  -0.001137   
57.100000    |  -0.000745   
57.200000    |  -0.000358   
57.300000    |  0.000021   
57.400000    |  0.000391   
57.500000    |  0.000749   
57.600000    |  0.001095   
57.700000    |  0.001426   
57.800000    |  0.001742   
57.900000    |  0.002040   
58.000000    |  0.002319   
58.100000    |  0.002578   
58.200000    |  0.002817   
58.300000    |  0.003033   
58.400000    |  0.003228   
58.500000    |  0.003400   
58.600000    |  0.003548   
58.700000    |  0.003673   
58.800000    |  0.003774   
58.900000    |  0.003852   
59.000000    |  0.003906   
59.100000    |  0.003936   
59.200000    |  0.003944   
59.300000    |  0.003930   
59.400000    |  0.003893   
59.500000    |  0.003836   
59.600000    |  0.003758   
59.700000    |  0.003661   
59.800000    |  0.003546   
59.900000    |  0.003414   
60.000000    |  0.003266   
60.100000    |  0.003103   
60.200000    |  0.002926   
60.300000    |  0.002737   
60.400000    |  0.002538   
60.500000    |  0.002329   
60.600000    |  0.002112   
60.700000    |  0.001888   
60.800000    |  0.001659   
60.900000    |  0.001426   
61.000000    |  0.001191   
61.100000    |  0.000955   
61.200000    |  0.000719   
61.300000    |  0.000485   
61.400000    |  0.000254   
61.500000    |  0.000027   
61.600000    |  -0.000194   
61.700000    |  -0.000410   
61.800000    |  -0.000617   
61.900000    |  -0.000816   
62.000000    |  -0.001006   
62.100000    |  -0.001186   
62.200000    |  -0.001354   
62.300000    |  -0.001511   
62.400000    |  -0.001655   
62.500000    |  -0.001787   
62.600000    |  -0.001906   
62.700000    |  -0.002010   
62.800000    |  -0.002101   
62.900000    |  -0.002178   
63.000000    |  -0.002241   
63.100000    |  -0.002290   
63.200000    |  -0.002325   
63.300000    |  -0.002345   
63.400000    |  -0.002352   
63.500000    |  -0.002346   
63.600000    |  -0.002326   
63.700000    |  -0.002294   
63.800000    |  -0.002250   
63.900000    |  -0.002195   
64.000000    |  -0.002128   
64.100000    |  -0.002051   
64.200000    |  -0.001964   
64.300000    |  -0.001868   
64.400000    |  -0.001764   
64.500000    |  -0.001653   
64.600000    |  -0.001535   
64.700000    |  -0.001411   
64.800000    |  -0.001283   
64.900000    |  -0.001150   
65.000000    |  -0.001014   
65.100000    |  -0.000875   
65.200000    |  -0.000735   
65.300000    |  -0.000595   
65.400000    |  -0.000454   
65.500000    |  -0.000314   
65.600000    |  -0.000176   
65.700000    |  -0.000040   
65.800000    |  0.000093   
65.900000    |  0.000222   
66.000000    |  0.000347   
66.100000    |  0.000466   
66.200000    |  0.000580   
66.300000    |  0.000689   
66.400000    |  0.000790   
66.500000    |  0.000885   
66.600000    |  0.000973   
66.700000    |  0.001052   
66.800000    |  0.001124   
66.900000    |  0.001188   
67.000000    |  0.001244   
67.100000    |  0.001292   
67.200000    |  0.001331   
67.300000    |  0.001361   
67.400000    |  0.001383   
67.500000    |  0.001397   
67.600000    |  0.001403   
67.700000    |  0.001400   
67.800000    |  0.001390   
67.900000    |  0.001372   
68.000000    |  0.001347   
68.100000    |  0.001315   
68.200000    |  0.001276   
68.300000    |  0.001231   
68.400000    |  0.001181   
68.500000    |  0.001125   
68.600000    |  0.001063   
68.700000    |  0.000998   
68.800000    |  0.000928   
68.900000    |  0.000855   
69.000000    |  0.000779   
69.100000    |  0.000700   
69.200000    |  0.000619   
69.300000    |  0.000537   
69.400000    |  0.000453   
69.500000    |  0.000369   
69.600000    |  0.000285   
69.700000    |  0.000202   
69.800000    |  0.000119   
69.900000    |  0.000038   
70.000000    |  -0.000042   
70.100000    |  -0.000119   
70.200000    |  -0.000194   
70.300000    |  -0.000266   
70.400000    |  -0.000334   
70.500000    |  -0.000400   
70.600000    |  -0.000461   
70.700000    |  -0.000518   
70.800000    |  -0.000571   
70.900000    |  -0.000620   
71.000000    |  -0.000663   
71.100000    |  -0.000702   
71.200000    |  -0.000736   
71.300000    |  -0.000766   
71.400000    |  -0.000790   
71.500000    |  -0.000809   
71.600000    |  -0.000823   
71.700000    |  -0.000832   
71.800000    |  -0.000836   
71.900000    |  -0.000836   
72.000000    |  -0.000830   
72.100000    |  -0.000821   
72.200000    |  -0.000806   
72.300000    |  -0.000788   
72.400000    |  -0.000766   
72.500000    |  -0.000739   
72.600000    |  -0.000710   
72.700000    |  -0.000677   
72.800000    |  -0.000641   
72.900000    |  -0.000602   
73.000000    |  -0.000561   
73.100000    |  -0.000518   
73.200000    |  -0.000472   
73.300000    |  -0.000426   
73.400000    |  -0.000378   
73.500000    |  -0.000329   
73.600000    |  -0.000279   
73.700000    |  -0.000229   
73.800000    |  -0.000179   
73.900000    |  -0.000129   
74.000000    |  -0.000080   
74.100000    |  -0.000031   
74.200000    |  0.000016   
74.300000    |  0.000063   
74.400000    |  0.000108   
74.500000    |  0.000151   
74.600000    |  0.000192   
74.700000    |  0.000232   
74.800000    |  0.000269   
74.900000    |  0.000303   
75.000000    |  0.000335   
75.100000    |  0.000365   
75.200000    |  0.000391   
75.300000    |  0.000415   
75.400000    |  0.000436   
75.500000    |  0.000454   
75.600000    |  0.000469   
75.700000    |  0.000481   
75.800000    |  0.000489   
75.900000    |  0.000495   
76.000000    |  0.000498   
76.100000    |  0.000499   
76.200000    |  0.000496   
76.300000    |  0.000491   
76.400000    |  0.000483   
76.500000    |  0.000472   
76.600000    |  0.000459   
76.700000    |  0.000444   
76.800000    |  0.000427   
76.900000    |  0.000407   
77.000000    |  0.000386   
77.100000    |  0.000363   
77.200000    |  0.000339   
77.300000    |  0.000313   
77.400000    |  0.000287   
77.500000    |  0.000259   
77.600000    |  0.000230   
77.700000    |  0.000201   
77.800000    |  0.000172   
77.900000    |  0.000142   
78.000000    |  0.000112   
78.100000    |  0.000082   
78.200000    |  0.000053   
78.300000    |  0.000024   
78.400000    |  -0.000005   
78.500000    |  -0.000033   
78.600000    |  -0.000060   
78.700000    |  -0.000086   
78.800000    |  -0.000110   
78.900000    |  -0.000134   
79.000000    |  -0.000156   
79.100000    |  -0.000177   
79.200000    |  -0.000197   
79.300000    |  -0.000214   
79.400000    |  -0.000231   
79.500000    |  -0.000245   
79.600000    |  -0.000258   
79.700000    |  -0.000269   
79.800000    |  -0.000278   
79.900000    |  -0.000285   
80.000000    |  -0.000291   
80.100000    |  -0.000295   
80.200000    |  -0.000297   
80.300000    |  -0.000297   
80.400000    |  -0.000296   
80.500000    |  -0.000293   
80.600000    |  -0.000289   
80.700000    |  -0.000283   
80.800000    |  -0.000275   
80.900000    |  -0.000266   
81.000000    |  -0.000256   
81.100000    |  -0.000245   
81.200000    |  -0.000233   
81.300000    |  -0.000219   
81.400000    |  -0.000205   
81.500000    |  -0.000190   
81.600000    |  -0.000174   
81.700000    |  -0.000157   
81.800000    |  -0.000140   
81.900000    |  -0.000123   
82.000000    |  -0.000106   
82.100000    |  -0.000088   
82.200000    |  -0.000070   
82.300000    |  -0.000052   
82.400000    |  -0.000035   
82.500000    |  -0.000017   
82.600000    |  -0.000000   
82.700000    |  0.000017   
82.800000    |  0.000033   
82.900000    |  0.000048   
83.000000    |  0.000063   
83.100000    |  0.000078   
83.200000    |  0.000091   
83.300000    |  0.000104   
83.400000    |  0.000115   
83.500000    |  0.000126   
83.600000    |  0.000136   
83.700000    |  0.000145   
83.800000    |  0.000152   
83.900000    |  0.000159   
84.000000    |  0.000165   
84.100000    |  0.000170   
84.200000    |  0.000173   
84.300000    |  0.000176   
84.400000    |  0.000177   
84.500000    |  0.000177   
84.600000    |  0.000177   
84.700000    |  0.000175   
84.800000    |  0.000173   
84.900000    |  0.000169   
85.000000    |  0.000165   
85.100000    |  0.000160   
85.200000    |  0.000154   
85.300000    |  0.000147   
85.400000    |  0.000140   
85.500000    |  0.000132   
85.600000    |  0.000124   
85.700000    |  0.000115   
85.800000    |  0.000105   
85.900000    |  0.000096   
86.000000    |  0.000086   
86.100000    |  0.000075   
86.200000    |  0.000065   
86.300000    |  0.000054   
86.400000    |  0.000044   
86.500000    |  0.000033   
86.600000    |  0.000022   
86.700000    |  0.000012   
86.800000    |  0.000002   
86.900000    |  -0.000008   
87.000000    |  -0.000018   
87.100000    |  -0.000027   
87.200000    |  -0.000036   
87.300000    |  -0.000045   
87.400000    |  -0.000053   
87.500000    |  -0.000060   
87.600000    |  -0.000068   
87.700000    |  -0.000074   
87.800000    |  -0.000080   
87.900000    |  -0.000085   
88.000000    |  -0.000090   
88.100000    |  -0.000094   
88.200000    |  -0.000098   
88.300000    |  -0.000101   
88.400000    |  -0.000103   
88.500000    |  -0.000104   
88.600000    |  -0.000105   
88.700000    |  -0.000106   
88.800000    |  -0.000106   
88.900000    |  -0.000105   
89.000000    |  -0.000103   
89.100000    |  -0.000101   
89.200000    |  -0.000099   
89.300000    |  -0.000096   
89.400000    |  -0.000092   
89.500000    |  -0.000089   
89.600000    |  -0.000084   
89.700000    |  -0.000080   
89.800000    |  -0.000075   
89.900000    |  -0.000069   
90.000000    |  -0.000064   
90.100000    |  -0.000058   
90.200000    |  -0.000052   
90.300000    |  -0.000046   
90.400000    |  -0.000040   
90.500000    |  -0.000033   
90.600000    |  -0.000027   
90.700000    |  -0.000021   
90.800000    |  -0.000015   
90.900000    |  -0.000008   
91.000000    |  -0.000002   
91.100000    |  0.000004   
91.200000    |  0.000010   
91.300000    |  0.000015   
91.400000    |  0.000021   
91.500000    |  0.000026   
91.600000    |  0.000031   
91.700000    |  0.000035   
91.800000    |  0.000040   
91.900000    |  0.000044   
92.000000    |  0.000047   
92.100000    |  0.000050   
92.200000    |  0.000053   
92.300000    |  0.000056   
92.400000    |  0.000058   
92.500000    |  0.000060   
92.600000    |  0.000061   
92.700000    |  0.000062   
92.800000    |  0.000063   
92.900000    |  0.000063   
93.000000    |  0.000063   
93.100000    |  0.000063   
93.200000    |  0.000062   
93.300000    |  0.000061   
93.400000    |  0.000059   
93.500000    |  0.000058   
93.600000    |  0.000056   
93.700000    |  0.000053   
93.800000    |  0.000051   
93.900000    |  0.000048   
94.000000    |  0.000045   
94.100000    |  0.000042   
94.200000    |  0.000039   
94.300000    |  0.000035   
94.400000    |  0.000032   
94.500000    |  0.000028   
94.600000    |  0.000024   
94.700000    |  0.000021   
94.800000    |  0.000017   
94.900000    |  0.000013   
95.000000    |  0.000009   
95.100000    |  0.000006   
95.200000    |  0.000002   
95.300000    |  -0.000002   
95.400000    |  -0.000005   
95.500000    |  -0.000009   
95.600000    |  -0.000012   
95.700000    |  -0.000015   
95.800000    |  -0.000018   
95.900000    |  -0.000021   
96.000000    |  -0.000023   
96.100000    |  -0.000026   
96.200000    |  -0.000028   
96.300000    |  -0.000030   
96.400000    |  -0.000031   
96.500000    |  -0.000033   
96.600000    |  -0.000034   
96.700000    |  -0.000035   
96.800000    |  -0.000036   
96.900000    |  -0.000037   
97.000000    |  -0.000037   
97.100000    |  -0.000038   
97.200000    |  -0.000038   
97.300000    |  -0.000037   
97.400000    |  -0.000037   
97.500000    |  -0.000036   
97.600000    |  -0.000036   
97.700000    |  -0.000035   
97.800000    |  -0.000033   
97.900000    |  -0.000032   
98.000000    |  -0.000031   
98.100000    |  -0.000029   
98.200000    |  -0.000027   
98.300000    |  -0.000025   
98.400000    |  -0.000023   
98.500000    |  -0.000021   
98.600000    |  -0.000019   
98.700000    |  -0.000017   
98.800000    |  -0.000015   
98.900000    |  -0.000013   
99.000000    |  -0.000010   
99.100000    |  -0.000008   
99.200000    |  -0.000006   
99.300000    |  -0.000004   
99.400000    |  -0.000002   
99.500000    |  0.000001   
99.600000    |  0.000003   
99.700000    |  0.000005   
99.800000    |  0.000007   
99.900000    |  0.000009   
