0.000000    |  0.000000    0.000000  
0.100000    |  0.904775    0.000000  
0.200000    |  1.636889    0.000000  
0.300000    |  2.219808    0.000000  
0.400000    |  2.673542    0.000000  
0.500000    |  3.015178    0.000000  
0.600000    |  3.259361    0.000000  
0.700000    |  3.418699    0.000000  
0.800000    |  3.504105    0.000000  
0.900000    |  3.525070    0.000000  
1.000000    |  3.489902    0.000000  
1.100000    |  3.405920    0.000000  
1.200000    |  3.279611    0.000000  
1.300000    |  3.116766    0.000000  
1.400000    |  2.922590    0.000000  
1.500000    |  2.701788    0.000000  
1.600000    |  2.458643    0.000000  
1.700000    |  2.197075    0.000000  
1.800000    |  1.920686    0.000000  
1.900000    |  1.632807    0.000000  
2.000000    |  1.336523    0.000000  
2.100000    |  1.034699    0.000000  
2.200000    |  0.730006    0.000000  
2.300000    |  0.424926    0.000000  
2.400000    |  0.121776    0.000000  
2.500000    |  -0.177293    0.000000  
2.600000    |  -0.470283    0.000000  
2.700000    |  -0.755344    0.000000  
2.800000    |  -1.030773    0.000000  
2.900000    |  -1.295009    0.000000  
3.000000    |  -1.546630    0.000000  
3.100000    |  -1.784355    0.000000  
3.200000    |  -2.007038    0.000000  
3.300000    |  -2.213668    0.000000  
3.400000    |  -2.403370    0.000000  
3.500000    |  -2.575402    0.000000  
3.600000    |  -2.729151    0.000000  
3.700000    |  -2.864135    0.000000  
3.800000    |  -2.979999    0.000000  
3.900000    |  -3.076511    0.000000  
4.000000    |  -3.153561    0.000000  
4.100000    |  -3.211157    0.000000  
4.200000    |  -3.249422    0.000000  
4.300000    |  -3.268586    0.000000  
4.400000    |  -3.268988    0.000000  
4.500000    |  -3.251064    0.000000  
4.600000    |  -3.215347    0.000000  
4.700000    |  -3.162457    0.000000  
4.800000    |  -3.093101    0.000000  
4.900000    |  -3.008058    0.000000  
5.000000    |  -2.908182    0.000000  
5.100000    |  -2.794389    0.000000  
5.200000    |  -2.667650    0.000000  
5.300000    |  -2.528990    0.000000  
5.400000    |  -2.379474    0.000000  
5.500000    |  -2.220204    0.000000  
5.600000    |  -2.052309    0.000000  
5.700000    |  -1.876942    0.000000  
5.800000    |  -1.695268    0.000000  
5.900000    |  -1.508462    0.000000  
6.000000    |  -1.317697    0.000000  
6.100000    |  -1.124141    0.000000  
6.200000    |  -0.928952    0.000000  
6.300000    |  -0.733265    0.000000  
6.400000    |  -0.538193    0.000000  
6.500000    |  -0.344819    0.000000  
6.600000    |  -0.154189    0.000000  
6.700000    |  0.032691    0.000000  
6.800000    |  0.214861    0.000000  
6.900000    |  0.391410    0.000000  
7.000000    |  0.561480    0.000000  
7.100000    |  0.724273    0.000000  
7.200000    |  0.879048    0.000000  
7.300000    |  1.025129    0.000000  
7.400000    |  1.161905    0.000000  
7.500000    |  1.288831    0.000000  
7.600000    |  1.405432    0.000000  
7.700000    |  1.511301    0.000000  
7.800000    |  1.606104    0.000000  
7.900000    |  1.689574    0.000000  
8.000000    |  1.761516    0.000000  
8.100000    |  1.821806    0.000000  
8.200000    |  1.870385    0.000000  
8.300000    |  1.907264    0.000000  
8.400000    |  1.932519    0.000000  
8.500000    |  1.946289    0.000000  
8.600000    |  1.948774    0.000000  
8.700000    |  1.940235    0.000000  
8.800000    |  1.920986    0.000000  
8.900000    |  1.891395    0.000000  
9.000000    |  1.851878    0.000000  
9.100000    |  1.802899    0.000000  
9.200000    |  1.744961    0.000000  
9.300000    |  1.678608    0.000000  
9.400000    |  1.604418    0.000000  
9.500000    |  1.522996    0.000000  
9.600000    |  1.434977    0.000000  
9.700000    |  1.341016    0.000000  
9.800000    |  1.241784    0.000000  
9.900000    |  1.137968    0.000000  
10.000000    |  1.030263    0.000000  
10.100000    |  0.919370    0.000000  
10.200000    |  0.805988    0.000000  
10.300000    |  0.690817    0.000000  
10.400000    |  0.574548    0.000000  
10.500000    |  0.457862    0.000000  
10.600000    |  0.341425    0.000000  
10.700000    |  0.225886    0.000000  
10.800000    |  0.111874    0.000000  
10.900000    |  -0.000007    0.000000  
11.000000    |  -0.109179    0.000000  
11.100000    |  -0.215094    0.000000  
11.200000    |  -0.317233    0.000000  
11.300000    |  -0.415114    0.000000  
11.400000    |  -0.508290    0.000000  
11.500000    |  -0.596350    0.000000  
11.600000    |  -0.678922    0.000000  
11.700000    |  -0.755675    0.000000  
11.800000    |  -0.826318    0.000000  
11.900000    |  -0.890600    0.000000  
12.000000    |  -0.948316    0.000000  
12.100000    |  -0.999298    0.000000  
12.200000    |  -1.043424    0.000000  
12.300000    |  -1.080610    0.000000  
12.400000    |  -1.110815    0.000000  
12.500000    |  -1.134040    0.000000  
12.600000    |  -1.150321    0.000000  
12.700000    |  -1.159736    0.000000  
12.800000    |  -1.162398    0.000000  
12.900000    |  -1.158455    0.000000  
13.000000    |  -1.148089    0.000000  
13.100000    |  -1.131515    0.000000  
13.200000    |  -1.108976    0.000000  
13.300000    |  -1.080742    0.000000  
13.400000    |  -1.047112    0.000000  
13.500000    |  -1.008405    0.000000  
13.600000    |  -0.964961    0.000000  
13.700000    |  -0.917139    0.000000  
13.800000    |  -0.865315    0.000000  
13.900000    |  -0.809878    0.000000  
14.000000    |  -0.751226    0.000000  
14.100000    |  -0.689767    0.000000  
14.200000    |  -0.625916    0.000000  
14.300000    |  -0.560089    0.000000  
14.400000    |  -0.492704    0.000000  
14.500000    |  -0.424179    0.000000  
14.600000    |  -0.354927    0.000000  
14.700000    |  -0.285354    0.000000  
14.800000    |  -0.215861    0.000000  
14.900000    |  -0.146835    0.000000  
15.000000    |  -0.078655    0.000000  
15.100000    |  -0.011683    0.000000  
15.200000    |  0.053733    0.000000  
15.300000    |  0.117262    0.000000  
15.400000    |  0.178594    0.000000  
15.500000    |  0.237436    0.000000  
15.600000    |  0.293517    0.000000  
15.700000    |  0.346588    0.000000  
15.800000    |  0.396425    0.000000  
15.900000    |  0.442824    0.000000  
16.000000    |  0.485609    0.000000  
16.100000    |  0.524625    0.000000  
16.200000    |  0.559744    0.000000  
16.300000    |  0.590864    0.000000  
16.400000    |  0.617906    0.000000  
16.500000    |  0.640817    0.000000  
16.600000    |  0.659567    0.000000  
16.700000    |  0.674152    0.000000  
16.800000    |  0.684591    0.000000  
16.900000    |  0.690925    0.000000  
17.000000    |  0.693219    0.000000  
17.100000    |  0.691556    0.000000  
17.200000    |  0.686043    0.000000  
17.300000    |  0.676803    0.000000  
17.400000    |  0.663979    0.000000  
17.500000    |  0.647730    0.000000  
17.600000    |  0.628230    0.000000  
17.700000    |  0.605667    0.000000  
17.800000    |  0.580243    0.000000  
17.900000    |  0.552169    0.000000  
18.000000    |  0.521669    0.000000  
18.100000    |  0.488972    0.000000  
18.200000    |  0.454315    0.000000  
18.300000    |  0.417942    0.000000  
18.400000    |  0.380097    0.000000  
18.500000    |  0.341031    0.000000  
18.600000    |  0.300991    0.000000  
18.700000    |  0.260228    0.000000  
18.800000    |  0.218987    0.000000  
18.900000    |  0.177513    0.000000  
19.000000    |  0.136044    0.000000  
19.100000    |  0.094814    0.000000  
19.200000    |  0.054049    0.000000  
19.300000    |  0.013967    0.000000  
19.400000    |  -0.025224    0.000000  
19.500000    |  -0.063323    0.000000  
19.600000    |  -0.100144    0.000000  
19.700000    |  -0.135509    0.000000  
19.800000    |  -0.169256    0.000000  
19.900000    |  -0.201234    0.000000  
20.000000    |  -0.231304    0.000000  
20.100000    |  -0.259346    0.000000  
20.200000    |  -0.285249    0.000000  
20.300000    |  -0.308920    0.000000  
20.400000    |  -0.330280    0.000000  
20.500000    |  -0.349264    0.000000  
20.600000    |  -0.365823    0.000000  
20.700000    |  -0.379924    0.000000  
20.800000    |  -0.391545    0.000000  
20.900000    |  -0.400681    0.000000  
21.000000    |  -0.407343    0.000000  
21.100000    |  -0.411550    0.000000  
21.200000    |  -0.413341    0.000000  
21.300000    |  -0.412762    0.000000  
21.400000    |  -0.409875    0.000000  
21.500000    |  -0.404752    0.000000  
21.600000    |  -0.397476    0.000000  
21.700000    |  -0.388139    0.000000  
21.800000    |  -0.376845    0.000000  
21.900000    |  -0.363703    0.000000  
22.000000    |  -0.348834    0.000000  
22.100000    |  -0.332362    0.000000  
22.200000    |  -0.314419    0.000000  
22.300000    |  -0.295141    0.000000  
22.400000    |  -0.274669    0.000000  
22.500000    |  -0.253148    0.000000  
22.600000    |  -0.230723    0.000000  
22.700000    |  -0.207543    0.000000  
22.800000    |  -0.183757    0.000000  
22.900000    |  -0.159513    0.000000  
23.000000    |  -0.134958    0.000000  
23.100000    |  -0.110238    0.000000  
23.200000    |  -0.085497    0.000000  
23.300000    |  -0.060874    0.000000  
23.400000    |  -0.036505    0.000000  
23.500000    |  -0.012520    0.000000  
23.600000    |  0.010955    0.000000  
23.700000    |  0.033799    0.000000  
23.800000    |  0.055900    0.000000  
23.900000    |  0.077152    0.000000  
24.000000    |  0.097454    0.000000  
24.100000    |  0.116717    0.000000  
24.200000    |  0.134857    0.000000  
24.300000    |  0.151799    0.000000  
24.400000    |  0.167476    0.000000  
24.500000    |  0.181832    0.000000  
24.600000    |  0.194816    0.000000  
24.700000    |  0.206391    0.000000  
24.800000    |  0.216524    0.000000  
24.900000    |  0.225193    0.000000  
25.000000    |  0.232385    0.000000  
25.100000    |  0.238096    0.000000  
25.200000    |  0.242328    0.000000  
25.300000    |  0.245095    0.000000  
25.400000    |  0.246416    0.000000  
25.500000    |  0.246318    0.000000  
25.600000    |  0.244837    0.000000  
25.700000    |  0.242014    0.000000  
25.800000    |  0.237898    0.000000  
25.900000    |  0.232543    0.000000  
26.000000    |  0.226009    0.000000  
26.100000    |  0.218361    0.000000  
26.200000    |  0.209671    0.000000  
26.300000    |  0.200011    0.000000  
26.400000    |  0.189459    0.000000  
26.500000    |  0.178097    0.000000  
26.600000    |  0.166009    0.000000  
26.700000    |  0.153278    0.000000  
26.800000    |  0.139994    0.000000  
26.900000    |  0.126244    0.000000  
27.000000    |  0.112116    0.000000  
27.100000    |  0.097699    0.000000  
27.200000    |  0.083082    0.000000  
27.300000    |  0.068352    0.000000  
27.400000    |  0.053593    0.000000  
27.500000    |  0.038890    0.000000  
27.600000    |  0.024325    0.000000  
27.700000    |  0.009975    0.000000  
27.800000    |  -0.004083    0.000000  
27.900000    |  -0.017778    0.000000  
28.000000    |  -0.031042    0.000000  
28.100000    |  -0.043809    0.000000  
28.200000    |  -0.056021    0.000000  
28.300000    |  -0.067622    0.000000  
28.400000    |  -0.078562    0.000000  
28.500000    |  -0.088795    0.000000  
28.600000    |  -0.098280    0.000000  
28.700000    |  -0.106983    0.000000  
28.800000    |  -0.114873    0.000000  
28.900000    |  -0.121925    0.000000  
29.000000    |  -0.128121    0.000000  
29.100000    |  -0.133446    0.000000  
29.200000    |  -0.137892    0.000000  
29.300000    |  -0.141453    0.000000  
29.400000    |  -0.144133    0.000000  
29.500000    |  -0.145937    0.000000  
29.600000    |  -0.146876    0.000000  
29.700000    |  -0.146966    0.000000  
29.800000    |  -0.146227    0.000000  
29.900000    |  -0.144683    0.000000  
30.000000    |  -0.142362    0.000000  
30.100000    |  -0.139296    0.000000  
30.200000    |  -0.135521    0.000000  
30.300000    |  -0.131075    0.000000  
30.400000    |  -0.125999    0.000000  
30.500000    |  -0.120337    0.000000  
30.600000    |  -0.114135    0.000000  
30.700000    |  -0.107441    0.000000  
30.800000    |  -0.100305    0.000000  
30.900000    |  -0.092777    0.000000  
31.000000    |  -0.084909    0.000000  
31.100000    |  -0.076755    0.000000  
31.200000    |  -0.068365    0.000000  
31.300000    |  -0.059794    0.000000  
31.400000    |  -0.051095    0.000000  
31.500000    |  -0.042318    0.000000  
31.600000    |  -0.033516    0.000000  
31.700000    |  -0.024738    0.000000  
31.800000    |  -0.016034    0.000000  
31.900000    |  -0.007450    0.000000  
32.000000    |  0.000967    0.000000  
32.100000    |  0.009176    0.000000  
32.200000    |  0.017134    0.000000  
32.300000    |  0.024803    0.000000  
32.400000    |  0.032147    0.000000  
32.500000    |  0.039132    0.000000  
32.600000    |  0.045728    0.000000  
32.700000    |  0.051907    0.000000  
32.800000    |  0.057644    0.000000  
32.900000    |  0.062918    0.000000  
33.000000    |  0.067710    0.000000  
33.100000    |  0.072005    0.000000  
33.200000    |  0.075791    0.000000  
33.300000    |  0.079059    0.000000  
33.400000    |  0.081803    0.000000  
33.500000    |  0.084020    0.000000  
33.600000    |  0.085711    0.000000  
33.700000    |  0.086879    0.000000  
33.800000    |  0.087529    0.000000  
33.900000    |  0.087672    0.000000  
34.000000    |  0.087317    0.000000  
34.100000    |  0.086480    0.000000  
34.200000    |  0.085177    0.000000  
34.300000    |  0.083426    0.000000  
34.400000    |  0.081248    0.000000  
34.500000    |  0.078665    0.000000  
34.600000    |  0.075703    0.000000  
34.700000    |  0.072386    0.000000  
34.800000    |  0.068742    0.000000  
34.900000    |  0.064800    0.000000  
35.000000    |  0.060588    0.000000  
35.100000    |  0.056138    0.000000  
35.200000    |  0.051480    0.000000  
35.300000    |  0.046644    0.000000  
35.400000    |  0.041664    0.000000  
35.500000    |  0.036569    0.000000  
35.600000    |  0.031392    0.000000  
35.700000    |  0.026164    0.000000  
35.800000    |  0.020915    0.000000  
35.900000    |  0.015676    0.000000  
36.000000    |  0.010475    0.000000  
36.100000    |  0.005342    0.000000  
36.200000    |  0.000302    0.000000  
36.300000    |  -0.004617    0.000000  
36.400000    |  -0.009391    0.000000  
36.500000    |  -0.013997    0.000000  
36.600000    |  -0.018412    0.000000  
36.700000    |  -0.022617    0.000000  
36.800000    |  -0.026593    0.000000  
36.900000    |  -0.030323    0.000000  
37.000000    |  -0.033791    0.000000  
37.100000    |  -0.036986    0.000000  
37.200000    |  -0.039896    0.000000  
37.300000    |  -0.042510    0.000000  
37.400000    |  -0.044822    0.000000  
37.500000    |  -0.046826    0.000000  
37.600000    |  -0.048518    0.000000  
37.700000    |  -0.049896    0.000000  
37.800000    |  -0.050959    0.000000  
37.900000    |  -0.051711    0.000000  
38.000000    |  -0.052153    0.000000  
38.100000    |  -0.052291    0.000000  
38.200000    |  -0.052131    0.000000  
38.300000    |  -0.051682    0.000000  
38.400000    |  -0.050953    0.000000  
38.500000    |  -0.049955    0.000000  
38.600000    |  -0.048701    0.000000  
38.700000    |  -0.047202    0.000000  
38.800000    |  -0.045474    0.000000  
38.900000    |  -0.043533    0.000000  
39.000000    |  -0.041393    0.000000  
39.100000    |  -0.039072    0.000000  
39.200000    |  -0.036588    0.000000  
39.300000    |  -0.033957    0.000000  
39.400000    |  -0.031200    0.000000  
39.500000    |  -0.028334    0.000000  
39.600000    |  -0.025377    0.000000  
39.700000    |  -0.022350    0.000000  
39.800000    |  -0.019270    0.000000  
39.900000    |  -0.016156    0.000000  
40.000000    |  -0.013027    0.000000  
40.100000    |  -0.009900    0.000000  
40.200000    |  -0.006793    0.000000  
40.300000    |  -0.003723    0.000000  
40.400000    |  -0.000707    0.000000  
40.500000    |  0.002241    0.000000  
40.600000    |  0.005104    0.000000  
40.700000    |  0.007869    0.000000  
40.800000    |  0.010524    0.000000  
40.900000    |  0.013054    0.000000  
41.000000    |  0.015450    0.000000  
41.100000    |  0.017701    0.000000  
41.200000    |  0.019798    0.000000  
41.300000    |  0.021733    0.000000  
41.400000    |  0.023498    0.000000  
41.500000    |  0.025089    0.000000  
41.600000    |  0.026500    0.000000  
41.700000    |  0.027727    0.000000  
41.800000    |  0.028769    0.000000  
41.900000    |  0.029624    0.000000  
42.000000    |  0.030292    0.000000  
42.100000    |  0.030773    0.000000  
42.200000    |  0.031069    0.000000  
42.300000    |  0.031183    0.000000  
42.400000    |  0.031119    0.000000  
42.500000    |  0.030881    0.000000  
42.600000    |  0.030475    0.000000  
42.700000    |  0.029908    0.000000  
42.800000    |  0.029186    0.000000  
42.900000    |  0.028318    0.000000  
43.000000    |  0.027311    0.000000  
43.100000    |  0.026175    0.000000  
43.200000    |  0.024919    0.000000  
43.300000    |  0.023553    0.000000  
43.400000    |  0.022088    0.000000  
43.500000    |  0.020534    0.000000  
43.600000    |  0.018902    0.000000  
43.700000    |  0.017203    0.000000  
43.800000    |  0.015449    0.000000  
43.900000    |  0.013650    0.000000  
44.000000    |  0.011818    0.000000  
44.100000    |  0.009964    0.000000  
44.200000    |  0.008099    0.000000  
44.300000    |  0.006233    0.000000  
44.400000    |  0.004377    0.000000  
44.500000    |  0.002542    0.000000  
44.600000    |  0.000737    0.000000  
44.700000    |  -0.001029    0.000000  
44.800000    |  -0.002746    0.000000  
44.900000    |  -0.004406    0.000000  
45.000000    |  -0.006001    0.000000  
45.100000    |  -0.007524    0.000000  
45.200000    |  -0.008967    0.000000  
45.300000    |  -0.010325    0.000000  
45.400000    |  -0.011593    0.000000  
45.500000    |  -0.012764    0.000000  
45.600000    |  -0.013835    0.000000  
45.700000    |  -0.014802    0.000000  
45.800000    |  -0.015663    0.000000  
45.900000    |  -0.016414    0.000000  
46.000000    |  -0.017055    0.000000  
46.100000    |  -0.017585    0.000000  
46.200000    |  -0.018003    0.000000  
46.300000    |  -0.018309    0.000000  
46.400000    |  -0.018505    0.000000  
46.500000    |  -0.018592    0.000000  
46.600000    |  -0.018572    0.000000  
46.700000    |  -0.018449    0.000000  
46.800000    |  -0.018224    0.000000  
46.900000    |  -0.017903    0.000000  
47.000000    |  -0.017488    0.000000  
47.100000    |  -0.016985    0.000000  
47.200000    |  -0.016399    0.000000  
47.300000    |  -0.015735    0.000000  
47.400000    |  -0.014998    0.000000  
47.500000    |  -0.014195    0.000000  
47.600000    |  -0.013331    0.000000  
47.700000    |  -0.012413    0.000000  
47.800000    |  -0.011448    0.000000  
47.900000    |  -0.010441    0.000000  
48.000000    |  -0.009400    0.000000  
48.100000    |  -0.008332    0.000000  
48.200000    |  -0.007242    0.000000  
48.300000    |  -0.006138    0.000000  
48.400000    |  -0.005027    0.000000  
48.500000    |  -0.003914    0.000000  
48.600000    |  -0.002805    0.000000  
48.700000    |  -0.001708    0.000000  
48.800000    |  -0.000628    0.000000  
48.900000    |  0.000429    0.000000  
49.000000    |  0.001459    0.000000  
49.100000    |  0.002455    0.000000  
49.200000    |  0.003414    0.000000  
49.300000    |  0.004330    0.000000  
49.400000    |  0.005199    0.000000  
49.500000    |  0.006018    0.000000  
49.600000    |  0.006784    0.000000  
49.700000    |  0.007493    0.000000  
49.800000    |  0.008142    0.000000  
49.900000    |  0.008730    0.000000  
50.000000    |  0.009255    0.000000  
50.100000    |  0.009714    0.000000  
50.200000    |  0.010108    0.000000  
50.300000    |  0.010436    0.000000  
50.400000    |  0.010697    0.000000  
50.500000    |  0.010891    0.000000  
50.600000    |  0.011020    0.000000  
50.700000    |  0.011083    0.000000  
50.800000    |  0.011082    0.000000  
50.900000    |  0.011020    0.000000  
51.000000    |  0.010896    0.000000  
51.100000    |  0.010715    0.000000  
51.200000    |  0.010477    0.000000  
51.300000    |  0.010186    0.000000  
51.400000    |  0.009845    0.000000  
51.500000    |  0.009457    0.000000  
51.600000    |  0.009025    0.000000  
51.700000    |  0.008553    0.000000  
51.800000    |  0.008044    0.000000  
51.900000    |  0.007502    0.000000  
52.000000    |  0.006931    0.000000  
52.100000    |  0.006334    0.000000  
52.200000    |  0.005717    0.000000  
52.300000    |  0.005082    0.000000  
52.400000    |  0.004435    0.000000  
52.500000    |  0.003778    0.000000  
52.600000    |  0.003115    0.000000  
52.700000    |  0.002451    0.000000  
52.800000    |  0.001789    0.000000  
52.900000    |  0.001134    0.000000  
53.000000    |  0.000488    0.000000  
53.100000    |  -0.000146    0.000000  
53.200000    |  -0.000763    0.000000  
53.300000    |  -0.001361    0.000000  
53.400000    |  -0.001937    0.000000  
53.500000    |  -0.002487    0.000000  
53.600000    |  -0.003011    0.000000  
53.700000    |  -0.003505    0.000000  
53.800000    |  -0.003967    0.000000  
53.900000    |  -0.004396    0.000000  
54.000000    |  -0.004790    0.000000  
54.100000    |  -0.005147    0.000000  
54.200000    |  -0.005467    0.000000  
54.300000    |  -0.005748    0.000000  
54.400000    |  -0.005990    0.000000  
54.500000    |  -0.006192    0.000000  
54.600000    |  -0.006355    0.000000  
54.700000    |  -0.006478    0.000000  
54.800000    |  -0.006561    0.000000  
54.900000    |  -0.006606    0.000000  
55.000000    |  -0.006612    0.000000  
55.100000    |  -0.006581    0.000000  
55.200000    |  -0.006514    0.000000  
55.300000    |  -0.006411    0.000000  
55.400000    |  -0.006275    0.000000  
55.500000    |  -0.006108    0.000000  
55.600000    |  -0.005909    0.000000  
55.700000    |  -0.005683    0.000000  
55.800000    |  -0.005429    0.000000  
55.900000    |  -0.005152    0.000000  
56.000000    |  -0.004852    0.000000  
56.100000    |  -0.004532    0.000000  
56.200000    |  -0.004195    0.000000  
56.300000    |  -0.003841    0.000000  
56.400000    |  -0.003475    0.000000  
56.500000    |  -0.003099    0.000000  
56.600000    |  -0.002713    0.000000  
56.700000    |  -0.002322    0.000000  
56.800000    |  -0.001928    0.000000  
56.900000    |  -0.001532    0.000000  
57.000000    |  -0.001137    0.000000  
57.100000    |  -0.000745    0.000000  
57.200000    |  -0.000358    0.000000  
57.300000    |  0.000021    0.000000  
57.400000    |  0.000391    0.000000  
57.500000    |  0.000749    0.000000  
57.600000    |  0.001095    0.000000  
57.700000    |  0.001426    0.000000  
57.800000    |  0.001742    0.000000  
57.900000    |  0.002040    0.000000  
58.000000    |  0.002319    0.000000  
58.100000    |  0.002578    0.000000  
58.200000    |  0.002817    0.000000  
58.300000    |  0.003033    0.000000  
58.400000    |  0.003228    0.000000  
58.500000    |  0.003400    0.000000  
58.600000    |  0.003548    0.000000  
58.700000    |  0.003673    0.000000  
58.800000    |  0.003774    0.000000  
58.900000    |  0.003852    0.000000  
59.000000    |  0.003906    0.000000  
59.100000    |  0.003936    0.000000  
59.200000    |  0.003944    0.000000  
59.300000    |  0.003930    0.000000  
59.400000    |  0.003893    0.000000  
59.500000    |  0.003836    0.000000  
59.600000    |  0.003758    0.000000  
59.700000    |  0.003661    0.000000  
59.800000    |  0.003546    0.000000  
59.900000    |  0.003414    0.000000  
60.000000    |  0.003266    0.000000  
60.100000    |  0.003103    0.000000  
60.200000    |  0.002926    0.000000  
60.300000    |  0.002737    0.000000  
60.400000    |  0.002538    0.000000  
60.500000    |  0.002329    0.000000  
60.600000    |  0.002112    0.000000  
60.700000    |  0.001888    0.000000  
60.800000    |  0.001659    0.000000  
60.900000    |  0.001426    0.000000  
61.000000    |  0.001191    0.000000  
61.100000    |  0.000955    0.000000  
61.200000    |  0.000719    0.000000  
61.300000    |  0.000485    0.000000  
61.400000    |  0.000254    0.000000  
61.500000    |  0.000027    0.000000  
61.600000    |  -0.000194    0.000000  
61.700000    |  -0.000410    0.000000  
61.800000    |  -0.000617    0.000000  
61.900000    |  -0.000816    0.000000  
62.000000    |  -0.001006    0.000000  
62.100000    |  -0.001186    0.000000  
62.200000    |  -0.001354    0.000000  
62.300000    |  -0.001511    0.000000  
62.400000    |  -0.001655    0.000000  
62.500000    |  -0.001787    0.000000  
62.600000    |  -0.001906    0.000000  
62.700000    |  -0.002010    0.000000  
62.800000    |  -0.002101    0.000000  
62.900000    |  -0.002178    0.000000  
63.000000    |  -0.002241    0.000000  
63.100000    |  -0.002290    0.000000  
63.200000    |  -0.002325    0.000000  
63.300000    |  -0.002345    0.000000  
63.400000    |  -0.002352    0.000000  
63.500000    |  -0.002346    0.000000  
63.600000    |  -0.002326    0.000000  
63.700000    |  -0.002294    0.000000  
63.800000    |  -0.002250    0.000000  
63.900000    |  -0.002195    0.000000  
64.000000    |  -0.002128    0.000000  
64.100000    |  -0.002051    0.000000  
64.200000    |  -0.001964    0.000000  
64.300000    |  -0.001868    0.000000  
64.400000    |  -0.001764    0.000000  
64.500000    |  -0.001653    0.000000  
64.600000    |  -0.001535    0.000000  
64.700000    |  -0.001411    0.000000  
64.800000    |  -0.001283    0.000000  
64.900000    |  -0.001150    0.000000  
65.000000    |  -0.001014    0.000000  
65.100000    |  -0.000875    0.000000  
65.200000    |  -0.000735    0.000000  
65.300000    |  -0.000595    0.000000  
65.400000    |  -0.000454    0.000000  
65.500000    |  -0.000314    0.000000  
65.600000    |  -0.000176    0.000000  
65.700000    |  -0.000040    0.000000  
65.800000    |  0.000093    0.000000  
65.900000    |  0.000222    0.000000  
66.000000    |  0.000347    0.000000  
66.100000    |  0.000466    0.000000  
66.200000    |  0.000580    0.000000  
66.300000    |  0.000689    0.000000  
66.400000    |  0.000790    0.000000  
66.500000    |  0.000885    0.000000  
66.600000    |  0.000973    0.000000  
66.700000    |  0.001052    0.000000  
66.800000    |  0.001124    0.000000  
66.900000    |  0.001188    0.000000  
67.000000    |  0.001244    0.000000  
67.100000    |  0.001292    0.000000  
67.200000    |  0.001331    0.000000  
67.300000    |  0.001361    0.000000  
67.400000    |  0.001383    0.000000  
67.500000    |  0.001397    0.000000  
67.600000    |  0.001403    0.000000  
67.700000    |  0.001400    0.000000  
67.800000    |  0.001390    0.000000  
67.900000    |  0.001372    0.000000  
68.000000    |  0.001347    0.000000  
68.100000    |  0.001315    0.000000  
68.200000    |  0.001276    0.000000  
68.300000    |  0.001231    0.000000  
68.400000    |  0.001181    0.000000  
68.500000    |  0.001125    0.000000  
68.600000    |  0.001063    0.000000  
68.700000    |  0.000998    0.000000  
68.800000    |  0.000928    0.000000  
68.900000    |  0.000855    0.000000  
69.000000    |  0.000779    0.000000  
69.100000    |  0.000700    0.000000  
69.200000    |  0.000619    0.000000  
69.300000    |  0.000537    0.000000  
69.400000    |  0.000453    0.000000  
69.500000    |  0.000369    0.000000  
69.600000    |  0.000285    0.000000  
69.700000    |  0.000202    0.000000  
69.800000    |  0.000119    0.000000  
69.900000    |  0.000038    0.000000  
70.000000    |  -0.000042    0.000000  
70.100000    |  -0.000119    0.000000  
70.200000    |  -0.000194    0.000000  
70.300000    |  -0.000266    0.000000  
70.400000    |  -0.000334    0.000000  
70.500000    |  -0.000400    0.000000  
70.600000    |  -0.000461    0.000000  
70.700000    |  -0.000518    0.000000  
70.800000    |  -0.000571    0.000000  
70.900000    |  -0.000620    0.000000  
71.000000    |  -0.000663    0.000000  
71.100000    |  -0.000702    0.000000  
71.200000    |  -0.000736    0.000000  
71.300000    |  -0.000766    0.000000  
71.400000    |  -0.000790    0.000000  
71.500000    |  -0.000809    0.000000  
71.600000    |  -0.000823    0.000000  
71.700000    |  -0.000832    0.000000  
71.800000    |  -0.000836    0.000000  
71.900000    |  -0.000836    0.000000  
72.000000    |  -0.000830    0.000000  
72.100000    |  -0.000821    0.000000  
72.200000    |  -0.000806    0.000000  
72.300000    |  -0.000788    0.000000  
72.400000    |  -0.000766    0.000000  
72.500000    |  -0.000739    0.000000  
72.600000    |  -0.000710    0.000000  
72.700000    |  -0.000677    0.000000  
72.800000    |  -0.000641    0.000000  
72.900000    |  -0.000602    0.000000  
73.000000    |  -0.000561    0.000000  
73.100000    |  -0.000518    0.000000  
73.200000    |  -0.000472    0.000000  
73.300000    |  -0.000426    0.000000  
73.400000    |  -0.000378    0.000000  
73.500000    |  -0.000329    0.000000  
73.600000    |  -0.000279    0.000000  
73.700000    |  -0.000229    0.000000  
73.800000    |  -0.000179    0.000000  
73.900000    |  -0.000129    0.000000  
74.000000    |  -0.000080    0.000000  
74.100000    |  -0.000031    0.000000  
74.200000    |  0.000016    0.000000  
74.300000    |  0.000063    0.000000  
74.400000    |  0.000108    0.000000  
74.500000    |  0.000151    0.000000  
74.600000    |  0.000192    0.000000  
74.700000    |  0.000232    0.000000  
74.800000    |  0.000269    0.000000  
74.900000    |  0.000303    0.000000  
75.000000    |  0.000335    0.000000  
75.100000    |  0.000365    0.000000  
75.200000    |  0.000391    0.000000  
75.300000    |  0.000415    0.000000  
75.400000    |  0.000436    0.000000  
75.500000    |  0.000454    0.000000  
75.600000    |  0.000469    0.000000  
75.700000    |  0.000481    0.000000  
75.800000    |  0.000489    0.000000  
75.900000    |  0.000495    0.000000  
76.000000    |  0.000498    0.000000  
76.100000    |  0.000499    0.000000  
76.200000    |  0.000496    0.000000  
76.300000    |  0.000491    0.000000  
76.400000    |  0.000483    0.000000  
76.500000    |  0.000472    0.000000  
76.600000    |  0.000459    0.000000  
76.700000    |  0.000444    0.000000  
76.800000    |  0.000427    0.000000  
76.900000    |  0.000407    0.000000  
77.000000    |  0.000386    0.000000  
77.100000    |  0.000363    0.000000  
77.200000    |  0.000339    0.000000  
77.300000    |  0.000313    0.000000  
77.400000    |  0.000287    0.000000  
77.500000    |  0.000259    0.000000  
77.600000    |  0.000230    0.000000  
77.700000    |  0.000201    0.000000  
77.800000    |  0.000172    0.000000  
77.900000    |  0.000142    0.000000  
78.000000    |  0.000112    0.000000  
78.100000    |  0.000082    0.000000  
78.200000    |  0.000053    0.000000  
78.300000    |  0.000024    0.000000  
78.400000    |  -0.000005    0.000000  
78.500000    |  -0.000033    0.000000  
78.600000    |  -0.000060    0.000000  
78.700000    |  -0.000086    0.000000  
78.800000    |  -0.000110    0.000000  
78.900000    |  -0.000134    0.000000  
79.000000    |  -0.000156    0.000000  
79.100000    |  -0.000177    0.000000  
79.200000    |  -0.000197    0.000000  
79.300000    |  -0.000214    0.000000  
79.400000    |  -0.000231    0.000000  
79.500000    |  -0.000245    0.000000  
79.600000    |  -0.000258    0.000000  
79.700000    |  -0.000269    0.000000  
79.800000    |  -0.000278    0.000000  
79.900000    |  -0.000285    0.000000  
80.000000    |  -0.000291    0.000000  
80.100000    |  -0.000295    0.000000  
80.200000    |  -0.000297    0.000000  
80.300000    |  -0.000297    0.000000  
80.400000    |  -0.000296    0.000000  
80.500000    |  -0.000293    0.000000  
80.600000    |  -0.000289    0.000000  
80.700000    |  -0.000283    0.000000  
80.800000    |  -0.000275    0.000000  
80.900000    |  -0.000266    0.000000  
81.000000    |  -0.000256    0.000000  
81.100000    |  -0.000245    0.000000  
81.200000    |  -0.000233    0.000000  
81.300000    |  -0.000219    0.000000  
81.400000    |  -0.000205    0.000000  
81.500000    |  -0.000190    0.000000  
81.600000    |  -0.000174    0.000000  
81.700000    |  -0.000157    0.000000  
81.800000    |  -0.000140    0.000000  
81.900000    |  -0.000123    0.000000  
82.000000    |  -0.000106    0.000000  
82.100000    |  -0.000088    0.000000  
82.200000    |  -0.000070    0.000000  
82.300000    |  -0.000052    0.000000  
82.400000    |  -0.000035    0.000000  
82.500000    |  -0.000017    0.000000  
82.600000    |  -0.000000    0.000000  
82.700000    |  0.000017    0.000000  
82.800000    |  0.000033    0.000000  
82.900000    |  0.000048    0.000000  
83.000000    |  0.000063    0.000000  
83.100000    |  0.000078    0.000000  
83.200000    |  0.000091    0.000000  
83.300000    |  0.000104    0.000000  
83.400000    |  0.000115    0.000000  
83.500000    |  0.000126    0.000000  
83.600000    |  0.000136    0.000000  
83.700000    |  0.000145    0.000000  
83.800000    |  0.000152    0.000000  
83.900000    |  0.000159    0.000000  
84.000000    |  0.000165    0.000000  
84.100000    |  0.000170    0.000000  
84.200000    |  0.000173    0.000000  
84.300000    |  0.000176    0.000000  
84.400000    |  0.000177    0.000000  
84.500000    |  0.000177    0.000000  
84.600000    |  0.000177    0.000000  
84.700000    |  0.000175    0.000000  
84.800000    |  0.000173    0.000000  
84.900000    |  0.000169    0.000000  
85.000000    |  0.000165    0.000000  
85.100000    |  0.000160    0.000000  
85.200000    |  0.000154    0.000000  
85.300000    |  0.000147    0.000000  
85.400000    |  0.000140    0.000000  
85.500000    |  0.000132    0.000000  
85.600000    |  0.000124    0.000000  
85.700000    |  0.000115    0.000000  
85.800000    |  0.000105    0.000000  
85.900000    |  0.000096    0.000000  
86.000000    |  0.000086    0.000000  
86.100000    |  0.000075    0.000000  
86.200000    |  0.000065    0.000000  
86.300000    |  0.000054    0.000000  
86.400000    |  0.000044    0.000000  
86.500000    |  0.000033    0.000000  
86.600000    |  0.000022    0.000000  
86.700000    |  0.000012    0.000000  
86.800000    |  0.000002    0.000000  
86.900000    |  -0.000008    0.000000  
87.000000    |  -0.000018    0.000000  
87.100000    |  -0.000027    0.000000  
87.200000    |  -0.000036    0.000000  
87.300000    |  -0.000045    0.000000  
87.400000    |  -0.000053    0.000000  
87.500000    |  -0.000060    0.000000  
87.600000    |  -0.000068    0.000000  
87.700000    |  -0.000074    0.000000  
87.800000    |  -0.000080    0.000000  
87.900000    |  -0.000085    0.000000  
88.000000    |  -0.000090    0.000000  
88.100000    |  -0.000094    0.000000  
88.200000    |  -0.000098    0.000000  
88.300000    |  -0.000101    0.000000  
88.400000    |  -0.000103    0.000000  
88.500000    |  -0.000104    0.000000  
88.600000    |  -0.000105    0.000000  
88.700000    |  -0.000106    0.000000  
88.800000    |  -0.000106    0.000000  
88.900000    |  -0.000105    0.000000  
89.000000    |  -0.000103    0.000000  
89.100000    |  -0.000101    0.000000  
89.200000    |  -0.000099    0.000000  
89.300000    |  -0.000096    0.000000  
89.400000    |  -0.000092    0.000000  
89.500000    |  -0.000089    0.000000  
89.600000    |  -0.000084    0.000000  
89.700000    |  -0.000080    0.000000  
89.800000    |  -0.000075    0.000000  
89.900000    |  -0.000069    0.000000  
90.000000    |  -0.000064    0.000000  
90.100000    |  -0.000058    0.000000  
90.200000    |  -0.000052    0.000000  
90.300000    |  -0.000046    0.000000  
90.400000    |  -0.000040    0.000000  
90.500000    |  -0.000033    0.000000  
90.600000    |  -0.000027    0.000000  
90.700000    |  -0.000021    0.000000  
90.800000    |  -0.000015    0.000000  
90.900000    |  -0.000008    0.000000  
91.000000    |  -0.000002    0.000000  
91.100000    |  0.000004    0.000000  
91.200000    |  0.000010    0.000000  
91.300000    |  0.000015    0.000000  
91.400000    |  0.000021    0.000000  
91.500000    |  0.000026    0.000000  
91.600000    |  0.000031    0.000000  
91.700000    |  0.000035    0.000000  
91.800000    |  0.000040    0.000000  
91.900000    |  0.000044    0.000000  
92.000000    |  0.000047    0.000000  
92.100000    |  0.000050    0.000000  
92.200000    |  0.000053    0.000000  
92.300000    |  0.000056    0.000000  
92.400000    |  0.000058    0.000000  
92.500000    |  0.000060    0.000000  
92.600000    |  0.000061    0.000000  
92.700000    |  0.000062    0.000000  
92.800000    |  0.000063    0.000000  
92.900000    |  0.000063    0.000000  
93.000000    |  0.000063    0.000000  
93.100000    |  0.000063    0.000000  
93.200000    |  0.000062    0.000000  
93.300000    |  0.000061    0.000000  
93.400000    |  0.000059    0.000000  
93.500000    |  0.000058    0.000000  
93.600000    |  0.000056    0.000000  
93.700000    |  0.000053    0.000000  
93.800000    |  0.000051    0.000000  
93.900000    |  0.000048    0.000000  
94.000000    |  0.000045    0.000000  
94.100000    |  0.000042    0.000000  
94.200000    |  0.000039    0.000000  
94.300000    |  0.000035    0.000000  
94.400000    |  0.000032    0.000000  
94.500000    |  0.000028    0.000000  
94.600000    |  0.000024    0.000000  
94.700000    |  0.000021    0.000000  
94.800000    |  0.000017    0.000000  
94.900000    |  0.000013    0.000000  
95.000000    |  0.000009    0.000000  
95.100000    |  0.000006    0.000000  
95.200000    |  0.000002    0.000000  
95.300000    |  -0.000002    0.000000  
95.400000    |  -0.000005    0.000000  
95.500000    |  -0.000009    0.000000  
95.600000    |  -0.000012    0.000000  
95.700000    |  -0.000015    0.000000  
95.800000    |  -0.000018    0.000000  
95.900000    |  -0.000021    0.000000  
96.000000    |  -0.000023    0.000000  
96.100000    |  -0.000026    0.000000  
96.200000    |  -0.000028    0.000000  
96.300000    |  -0.000030    0.000000  
96.400000    |  -0.000031    0.000000  
96.500000    |  -0.000033    0.000000  
96.600000    |  -0.000034    0.000000  
96.700000    |  -0.000035    0.000000  
96.800000    |  -0.000036    0.000000  
96.900000    |  -0.000037    0.000000  
97.000000    |  -0.000037    0.000000  
97.100000    |  -0.000038    0.000000  
97.200000    |  -0.000038    0.000000  
97.300000    |  -0.000037    0.000000  
97.400000    |  -0.000037    0.000000  
97.500000    |  -0.000036    0.000000  
97.600000    |  -0.000036    0.000000  
97.700000    |  -0.000035    0.000000  
97.800000    |  -0.000033    0.000000  
97.900000    |  -0.000032    0.000000  
98.000000    |  -0.000031    0.000000  
98.100000    |  -0.000029    0.000000  
98.200000    |  -0.000027    0.000000  
98.300000    |  -0.000025    0.000000  
98.400000    |  -0.000023    0.000000  
98.500000    |  -0.000021    0.000000  
98.600000    |  -0.000019    0.000000  
98.700000    |  -0.000017    0.000000  
98.800000    |  -0.000015    0.000000  
98.900000    |  -0.000013    0.000000  
99.000000    |  -0.000010    0.000000  
99.100000    |  -0.000008    0.000000  
99.200000    |  -0.000006    0.000000  
99.300000    |  -0.000004    0.000000  
99.400000    |  -0.000002    0.000000  
99.500000    |  0.000001    0.000000  
99.600000    |  0.000003    0.000000  
99.700000    |  0.000005    0.000000  
99.800000    |  0.000007    0.000000  
99.900000    |  0.000009    0.000000  
